APS - 4 SEMESTRE
-------------------------Listas---------------------------
Lista de Distancia: 
[0.0, 5.3, 3.6, 3.4, 8.6, 5.7, 9.1, 10.9, 8.7, 6.9, 0.0, 4.5, 5.3, 3.4, 6.6, 11.1, 9.5, 9.8, 4.4, 2.2, 0.0, 3.0, 5.9, 2.9, 8.5, 7.1, 5.4, 2.2, 4.8, 3.0, 0.0, 9.0, 6.5, 6.4, 11.7, 9.5, 8.9, 4.1, 5.1, 7.4, 0.0, 7.3, 13.1, 12.1, 10.4, 5.2, 5.0, 2.8, 3.7, 8.7, 0.0, 5.3, 5.7, 4.0, 6.2, 10.6, 8.7, 9.6, 14.4, 6.7, 0.0, 6.3, 5.0, 11.7, 10.5, 9.1, 10.2, 14.2, 4.9, 5.7, 0.0, 2.3, 8.1, 7.6, 6.6, 11.3, 3.3, 7.3, 2.4, 0.0]
------------Selection Sort-------------------------------
[0.0, 5.3, 3.6, 3.4, 8.6, 5.7, 9.1, 10.9, 8.7, 6.9, 0.0, 4.5, 5.3, 3.4, 6.6, 11.1, 9.5, 9.8, 4.4, 2.2, 0.0, 3.0, 5.9, 2.9, 8.5, 7.1, 5.4, 2.2, 4.8, 3.0, 0.0, 9.0, 6.5, 6.4, 11.7, 9.5, 8.9, 4.1, 5.1, 7.4, 0.0, 7.3, 13.1, 12.1, 10.4, 5.2, 5.0, 2.8, 3.7, 8.7, 0.0, 5.3, 5.7, 4.0, 6.2, 10.6, 8.7, 9.6, 14.4, 6.7, 0.0, 6.3, 5.0, 11.7, 10.5, 9.1, 10.2, 14.2, 4.9, 5.7, 0.0, 2.3, 8.1, 7.6, 6.6, 11.3, 3.3, 7.3, 2.4, 0.0]
[0.0, 0.0, 3.6, 3.4, 8.6, 5.7, 9.1, 10.9, 8.7, 6.9, 5.3, 4.5, 5.3, 3.4, 6.6, 11.1, 9.5, 9.8, 4.4, 2.2, 0.0, 3.0, 5.9, 2.9, 8.5, 7.1, 5.4, 2.2, 4.8, 3.0, 0.0, 9.0, 6.5, 6.4, 11.7, 9.5, 8.9, 4.1, 5.1, 7.4, 0.0, 7.3, 13.1, 12.1, 10.4, 5.2, 5.0, 2.8, 3.7, 8.7, 0.0, 5.3, 5.7, 4.0, 6.2, 10.6, 8.7, 9.6, 14.4, 6.7, 0.0, 6.3, 5.0, 11.7, 10.5, 9.1, 10.2, 14.2, 4.9, 5.7, 0.0, 2.3, 8.1, 7.6, 6.6, 11.3, 3.3, 7.3, 2.4, 0.0]
[0.0, 0.0, 0.0, 3.4, 8.6, 5.7, 9.1, 10.9, 8.7, 6.9, 5.3, 4.5, 5.3, 3.4, 6.6, 11.1, 9.5, 9.8, 4.4, 2.2, 3.6, 3.0, 5.9, 2.9, 8.5, 7.1, 5.4, 2.2, 4.8, 3.0, 0.0, 9.0, 6.5, 6.4, 11.7, 9.5, 8.9, 4.1, 5.1, 7.4, 0.0, 7.3, 13.1, 12.1, 10.4, 5.2, 5.0, 2.8, 3.7, 8.7, 0.0, 5.3, 5.7, 4.0, 6.2, 10.6, 8.7, 9.6, 14.4, 6.7, 0.0, 6.3, 5.0, 11.7, 10.5, 9.1, 10.2, 14.2, 4.9, 5.7, 0.0, 2.3, 8.1, 7.6, 6.6, 11.3, 3.3, 7.3, 2.4, 0.0]
[0.0, 0.0, 0.0, 0.0, 8.6, 5.7, 9.1, 10.9, 8.7, 6.9, 5.3, 4.5, 5.3, 3.4, 6.6, 11.1, 9.5, 9.8, 4.4, 2.2, 3.6, 3.0, 5.9, 2.9, 8.5, 7.1, 5.4, 2.2, 4.8, 3.0, 3.4, 9.0, 6.5, 6.4, 11.7, 9.5, 8.9, 4.1, 5.1, 7.4, 0.0, 7.3, 13.1, 12.1, 10.4, 5.2, 5.0, 2.8, 3.7, 8.7, 0.0, 5.3, 5.7, 4.0, 6.2, 10.6, 8.7, 9.6, 14.4, 6.7, 0.0, 6.3, 5.0, 11.7, 10.5, 9.1, 10.2, 14.2, 4.9, 5.7, 0.0, 2.3, 8.1, 7.6, 6.6, 11.3, 3.3, 7.3, 2.4, 0.0]
[0.0, 0.0, 0.0, 0.0, 0.0, 5.7, 9.1, 10.9, 8.7, 6.9, 5.3, 4.5, 5.3, 3.4, 6.6, 11.1, 9.5, 9.8, 4.4, 2.2, 3.6, 3.0, 5.9, 2.9, 8.5, 7.1, 5.4, 2.2, 4.8, 3.0, 3.4, 9.0, 6.5, 6.4, 11.7, 9.5, 8.9, 4.1, 5.1, 7.4, 8.6, 7.3, 13.1, 12.1, 10.4, 5.2, 5.0, 2.8, 3.7, 8.7, 0.0, 5.3, 5.7, 4.0, 6.2, 10.6, 8.7, 9.6, 14.4, 6.7, 0.0, 6.3, 5.0, 11.7, 10.5, 9.1, 10.2, 14.2, 4.9, 5.7, 0.0, 2.3, 8.1, 7.6, 6.6, 11.3, 3.3, 7.3, 2.4, 0.0]
[0.0, 0.0, 0.0, 0.0, 0.0, 0.0, 9.1, 10.9, 8.7, 6.9, 5.3, 4.5, 5.3, 3.4, 6.6, 11.1, 9.5, 9.8, 4.4, 2.2, 3.6, 3.0, 5.9, 2.9, 8.5, 7.1, 5.4, 2.2, 4.8, 3.0, 3.4, 9.0, 6.5, 6.4, 11.7, 9.5, 8.9, 4.1, 5.1, 7.4, 8.6, 7.3, 13.1, 12.1, 10.4, 5.2, 5.0, 2.8, 3.7, 8.7, 5.7, 5.3, 5.7, 4.0, 6.2, 10.6, 8.7, 9.6, 14.4, 6.7, 0.0, 6.3, 5.0, 11.7, 10.5, 9.1, 10.2, 14.2, 4.9, 5.7, 0.0, 2.3, 8.1, 7.6, 6.6, 11.3, 3.3, 7.3, 2.4, 0.0]
[0.0, 0.0, 0.0, 0.0, 0.0, 0.0, 0.0, 10.9, 8.7, 6.9, 5.3, 4.5, 5.3, 3.4, 6.6, 11.1, 9.5, 9.8, 4.4, 2.2, 3.6, 3.0, 5.9, 2.9, 8.5, 7.1, 5.4, 2.2, 4.8, 3.0, 3.4, 9.0, 6.5, 6.4, 11.7, 9.5, 8.9, 4.1, 5.1, 7.4, 8.6, 7.3, 13.1, 12.1, 10.4, 5.2, 5.0, 2.8, 3.7, 8.7, 5.7, 5.3, 5.7, 4.0, 6.2, 10.6, 8.7, 9.6, 14.4, 6.7, 9.1, 6.3, 5.0, 11.7, 10.5, 9.1, 10.2, 14.2, 4.9, 5.7, 0.0, 2.3, 8.1, 7.6, 6.6, 11.3, 3.3, 7.3, 2.4, 0.0]
[0.0, 0.0, 0.0, 0.0, 0.0, 0.0, 0.0, 0.0, 8.7, 6.9, 5.3, 4.5, 5.3, 3.4, 6.6, 11.1, 9.5, 9.8, 4.4, 2.2, 3.6, 3.0, 5.9, 2.9, 8.5, 7.1, 5.4, 2.2, 4.8, 3.0, 3.4, 9.0, 6.5, 6.4, 11.7, 9.5, 8.9, 4.1, 5.1, 7.4, 8.6, 7.3, 13.1, 12.1, 10.4, 5.2, 5.0, 2.8, 3.7, 8.7, 5.7, 5.3, 5.7, 4.0, 6.2, 10.6, 8.7, 9.6, 14.4, 6.7, 9.1, 6.3, 5.0, 11.7, 10.5, 9.1, 10.2, 14.2, 4.9, 5.7, 10.9, 2.3, 8.1, 7.6, 6.6, 11.3, 3.3, 7.3, 2.4, 0.0]
[0.0, 0.0, 0.0, 0.0, 0.0, 0.0, 0.0, 0.0, 0.0, 6.9, 5.3, 4.5, 5.3, 3.4, 6.6, 11.1, 9.5, 9.8, 4.4, 2.2, 3.6, 3.0, 5.9, 2.9, 8.5, 7.1, 5.4, 2.2, 4.8, 3.0, 3.4, 9.0, 6.5, 6.4, 11.7, 9.5, 8.9, 4.1, 5.1, 7.4, 8.6, 7.3, 13.1, 12.1, 10.4, 5.2, 5.0, 2.8, 3.7, 8.7, 5.7, 5.3, 5.7, 4.0, 6.2, 10.6, 8.7, 9.6, 14.4, 6.7, 9.1, 6.3, 5.0, 11.7, 10.5, 9.1, 10.2, 14.2, 4.9, 5.7, 10.9, 2.3, 8.1, 7.6, 6.6, 11.3, 3.3, 7.3, 2.4, 8.7]
[0.0, 0.0, 0.0, 0.0, 0.0, 0.0, 0.0, 0.0, 0.0, 2.2, 5.3, 4.5, 5.3, 3.4, 6.6, 11.1, 9.5, 9.8, 4.4, 6.9, 3.6, 3.0, 5.9, 2.9, 8.5, 7.1, 5.4, 2.2, 4.8, 3.0, 3.4, 9.0, 6.5, 6.4, 11.7, 9.5, 8.9, 4.1, 5.1, 7.4, 8.6, 7.3, 13.1, 12.1, 10.4, 5.2, 5.0, 2.8, 3.7, 8.7, 5.7, 5.3, 5.7, 4.0, 6.2, 10.6, 8.7, 9.6, 14.4, 6.7, 9.1, 6.3, 5.0, 11.7, 10.5, 9.1, 10.2, 14.2, 4.9, 5.7, 10.9, 2.3, 8.1, 7.6, 6.6, 11.3, 3.3, 7.3, 2.4, 8.7]
[0.0, 0.0, 0.0, 0.0, 0.0, 0.0, 0.0, 0.0, 0.0, 2.2, 2.2, 4.5, 5.3, 3.4, 6.6, 11.1, 9.5, 9.8, 4.4, 6.9, 3.6, 3.0, 5.9, 2.9, 8.5, 7.1, 5.4, 5.3, 4.8, 3.0, 3.4, 9.0, 6.5, 6.4, 11.7, 9.5, 8.9, 4.1, 5.1, 7.4, 8.6, 7.3, 13.1, 12.1, 10.4, 5.2, 5.0, 2.8, 3.7, 8.7, 5.7, 5.3, 5.7, 4.0, 6.2, 10.6, 8.7, 9.6, 14.4, 6.7, 9.1, 6.3, 5.0, 11.7, 10.5, 9.1, 10.2, 14.2, 4.9, 5.7, 10.9, 2.3, 8.1, 7.6, 6.6, 11.3, 3.3, 7.3, 2.4, 8.7]
[0.0, 0.0, 0.0, 0.0, 0.0, 0.0, 0.0, 0.0, 0.0, 2.2, 2.2, 2.3, 5.3, 3.4, 6.6, 11.1, 9.5, 9.8, 4.4, 6.9, 3.6, 3.0, 5.9, 2.9, 8.5, 7.1, 5.4, 5.3, 4.8, 3.0, 3.4, 9.0, 6.5, 6.4, 11.7, 9.5, 8.9, 4.1, 5.1, 7.4, 8.6, 7.3, 13.1, 12.1, 10.4, 5.2, 5.0, 2.8, 3.7, 8.7, 5.7, 5.3, 5.7, 4.0, 6.2, 10.6, 8.7, 9.6, 14.4, 6.7, 9.1, 6.3, 5.0, 11.7, 10.5, 9.1, 10.2, 14.2, 4.9, 5.7, 10.9, 4.5, 8.1, 7.6, 6.6, 11.3, 3.3, 7.3, 2.4, 8.7]
[0.0, 0.0, 0.0, 0.0, 0.0, 0.0, 0.0, 0.0, 0.0, 2.2, 2.2, 2.3, 2.4, 3.4, 6.6, 11.1, 9.5, 9.8, 4.4, 6.9, 3.6, 3.0, 5.9, 2.9, 8.5, 7.1, 5.4, 5.3, 4.8, 3.0, 3.4, 9.0, 6.5, 6.4, 11.7, 9.5, 8.9, 4.1, 5.1, 7.4, 8.6, 7.3, 13.1, 12.1, 10.4, 5.2, 5.0, 2.8, 3.7, 8.7, 5.7, 5.3, 5.7, 4.0, 6.2, 10.6, 8.7, 9.6, 14.4, 6.7, 9.1, 6.3, 5.0, 11.7, 10.5, 9.1, 10.2, 14.2, 4.9, 5.7, 10.9, 4.5, 8.1, 7.6, 6.6, 11.3, 3.3, 7.3, 5.3, 8.7]
[0.0, 0.0, 0.0, 0.0, 0.0, 0.0, 0.0, 0.0, 0.0, 2.2, 2.2, 2.3, 2.4, 2.8, 6.6, 11.1, 9.5, 9.8, 4.4, 6.9, 3.6, 3.0, 5.9, 2.9, 8.5, 7.1, 5.4, 5.3, 4.8, 3.0, 3.4, 9.0, 6.5, 6.4, 11.7, 9.5, 8.9, 4.1, 5.1, 7.4, 8.6, 7.3, 13.1, 12.1, 10.4, 5.2, 5.0, 3.4, 3.7, 8.7, 5.7, 5.3, 5.7, 4.0, 6.2, 10.6, 8.7, 9.6, 14.4, 6.7, 9.1, 6.3, 5.0, 11.7, 10.5, 9.1, 10.2, 14.2, 4.9, 5.7, 10.9, 4.5, 8.1, 7.6, 6.6, 11.3, 3.3, 7.3, 5.3, 8.7]
[0.0, 0.0, 0.0, 0.0, 0.0, 0.0, 0.0, 0.0, 0.0, 2.2, 2.2, 2.3, 2.4, 2.8, 2.9, 11.1, 9.5, 9.8, 4.4, 6.9, 3.6, 3.0, 5.9, 6.6, 8.5, 7.1, 5.4, 5.3, 4.8, 3.0, 3.4, 9.0, 6.5, 6.4, 11.7, 9.5, 8.9, 4.1, 5.1, 7.4, 8.6, 7.3, 13.1, 12.1, 10.4, 5.2, 5.0, 3.4, 3.7, 8.7, 5.7, 5.3, 5.7, 4.0, 6.2, 10.6, 8.7, 9.6, 14.4, 6.7, 9.1, 6.3, 5.0, 11.7, 10.5, 9.1, 10.2, 14.2, 4.9, 5.7, 10.9, 4.5, 8.1, 7.6, 6.6, 11.3, 3.3, 7.3, 5.3, 8.7]
[0.0, 0.0, 0.0, 0.0, 0.0, 0.0, 0.0, 0.0, 0.0, 2.2, 2.2, 2.3, 2.4, 2.8, 2.9, 3.0, 9.5, 9.8, 4.4, 6.9, 3.6, 11.1, 5.9, 6.6, 8.5, 7.1, 5.4, 5.3, 4.8, 3.0, 3.4, 9.0, 6.5, 6.4, 11.7, 9.5, 8.9, 4.1, 5.1, 7.4, 8.6, 7.3, 13.1, 12.1, 10.4, 5.2, 5.0, 3.4, 3.7, 8.7, 5.7, 5.3, 5.7, 4.0, 6.2, 10.6, 8.7, 9.6, 14.4, 6.7, 9.1, 6.3, 5.0, 11.7, 10.5, 9.1, 10.2, 14.2, 4.9, 5.7, 10.9, 4.5, 8.1, 7.6, 6.6, 11.3, 3.3, 7.3, 5.3, 8.7]
[0.0, 0.0, 0.0, 0.0, 0.0, 0.0, 0.0, 0.0, 0.0, 2.2, 2.2, 2.3, 2.4, 2.8, 2.9, 3.0, 3.0, 9.8, 4.4, 6.9, 3.6, 11.1, 5.9, 6.6, 8.5, 7.1, 5.4, 5.3, 4.8, 9.5, 3.4, 9.0, 6.5, 6.4, 11.7, 9.5, 8.9, 4.1, 5.1, 7.4, 8.6, 7.3, 13.1, 12.1, 10.4, 5.2, 5.0, 3.4, 3.7, 8.7, 5.7, 5.3, 5.7, 4.0, 6.2, 10.6, 8.7, 9.6, 14.4, 6.7, 9.1, 6.3, 5.0, 11.7, 10.5, 9.1, 10.2, 14.2, 4.9, 5.7, 10.9, 4.5, 8.1, 7.6, 6.6, 11.3, 3.3, 7.3, 5.3, 8.7]
[0.0, 0.0, 0.0, 0.0, 0.0, 0.0, 0.0, 0.0, 0.0, 2.2, 2.2, 2.3, 2.4, 2.8, 2.9, 3.0, 3.0, 3.3, 4.4, 6.9, 3.6, 11.1, 5.9, 6.6, 8.5, 7.1, 5.4, 5.3, 4.8, 9.5, 3.4, 9.0, 6.5, 6.4, 11.7, 9.5, 8.9, 4.1, 5.1, 7.4, 8.6, 7.3, 13.1, 12.1, 10.4, 5.2, 5.0, 3.4, 3.7, 8.7, 5.7, 5.3, 5.7, 4.0, 6.2, 10.6, 8.7, 9.6, 14.4, 6.7, 9.1, 6.3, 5.0, 11.7, 10.5, 9.1, 10.2, 14.2, 4.9, 5.7, 10.9, 4.5, 8.1, 7.6, 6.6, 11.3, 9.8, 7.3, 5.3, 8.7]
[0.0, 0.0, 0.0, 0.0, 0.0, 0.0, 0.0, 0.0, 0.0, 2.2, 2.2, 2.3, 2.4, 2.8, 2.9, 3.0, 3.0, 3.3, 3.4, 6.9, 3.6, 11.1, 5.9, 6.6, 8.5, 7.1, 5.4, 5.3, 4.8, 9.5, 4.4, 9.0, 6.5, 6.4, 11.7, 9.5, 8.9, 4.1, 5.1, 7.4, 8.6, 7.3, 13.1, 12.1, 10.4, 5.2, 5.0, 3.4, 3.7, 8.7, 5.7, 5.3, 5.7, 4.0, 6.2, 10.6, 8.7, 9.6, 14.4, 6.7, 9.1, 6.3, 5.0, 11.7, 10.5, 9.1, 10.2, 14.2, 4.9, 5.7, 10.9, 4.5, 8.1, 7.6, 6.6, 11.3, 9.8, 7.3, 5.3, 8.7]
[0.0, 0.0, 0.0, 0.0, 0.0, 0.0, 0.0, 0.0, 0.0, 2.2, 2.2, 2.3, 2.4, 2.8, 2.9, 3.0, 3.0, 3.3, 3.4, 3.4, 3.6, 11.1, 5.9, 6.6, 8.5, 7.1, 5.4, 5.3, 4.8, 9.5, 4.4, 9.0, 6.5, 6.4, 11.7, 9.5, 8.9, 4.1, 5.1, 7.4, 8.6, 7.3, 13.1, 12.1, 10.4, 5.2, 5.0, 6.9, 3.7, 8.7, 5.7, 5.3, 5.7, 4.0, 6.2, 10.6, 8.7, 9.6, 14.4, 6.7, 9.1, 6.3, 5.0, 11.7, 10.5, 9.1, 10.2, 14.2, 4.9, 5.7, 10.9, 4.5, 8.1, 7.6, 6.6, 11.3, 9.8, 7.3, 5.3, 8.7]
[0.0, 0.0, 0.0, 0.0, 0.0, 0.0, 0.0, 0.0, 0.0, 2.2, 2.2, 2.3, 2.4, 2.8, 2.9, 3.0, 3.0, 3.3, 3.4, 3.4, 3.6, 3.7, 5.9, 6.6, 8.5, 7.1, 5.4, 5.3, 4.8, 9.5, 4.4, 9.0, 6.5, 6.4, 11.7, 9.5, 8.9, 4.1, 5.1, 7.4, 8.6, 7.3, 13.1, 12.1, 10.4, 5.2, 5.0, 6.9, 11.1, 8.7, 5.7, 5.3, 5.7, 4.0, 6.2, 10.6, 8.7, 9.6, 14.4, 6.7, 9.1, 6.3, 5.0, 11.7, 10.5, 9.1, 10.2, 14.2, 4.9, 5.7, 10.9, 4.5, 8.1, 7.6, 6.6, 11.3, 9.8, 7.3, 5.3, 8.7]
[0.0, 0.0, 0.0, 0.0, 0.0, 0.0, 0.0, 0.0, 0.0, 2.2, 2.2, 2.3, 2.4, 2.8, 2.9, 3.0, 3.0, 3.3, 3.4, 3.4, 3.6, 3.7, 4.0, 6.6, 8.5, 7.1, 5.4, 5.3, 4.8, 9.5, 4.4, 9.0, 6.5, 6.4, 11.7, 9.5, 8.9, 4.1, 5.1, 7.4, 8.6, 7.3, 13.1, 12.1, 10.4, 5.2, 5.0, 6.9, 11.1, 8.7, 5.7, 5.3, 5.7, 5.9, 6.2, 10.6, 8.7, 9.6, 14.4, 6.7, 9.1, 6.3, 5.0, 11.7, 10.5, 9.1, 10.2, 14.2, 4.9, 5.7, 10.9, 4.5, 8.1, 7.6, 6.6, 11.3, 9.8, 7.3, 5.3, 8.7]
[0.0, 0.0, 0.0, 0.0, 0.0, 0.0, 0.0, 0.0, 0.0, 2.2, 2.2, 2.3, 2.4, 2.8, 2.9, 3.0, 3.0, 3.3, 3.4, 3.4, 3.6, 3.7, 4.0, 4.1, 8.5, 7.1, 5.4, 5.3, 4.8, 9.5, 4.4, 9.0, 6.5, 6.4, 11.7, 9.5, 8.9, 6.6, 5.1, 7.4, 8.6, 7.3, 13.1, 12.1, 10.4, 5.2, 5.0, 6.9, 11.1, 8.7, 5.7, 5.3, 5.7, 5.9, 6.2, 10.6, 8.7, 9.6, 14.4, 6.7, 9.1, 6.3, 5.0, 11.7, 10.5, 9.1, 10.2, 14.2, 4.9, 5.7, 10.9, 4.5, 8.1, 7.6, 6.6, 11.3, 9.8, 7.3, 5.3, 8.7]
[0.0, 0.0, 0.0, 0.0, 0.0, 0.0, 0.0, 0.0, 0.0, 2.2, 2.2, 2.3, 2.4, 2.8, 2.9, 3.0, 3.0, 3.3, 3.4, 3.4, 3.6, 3.7, 4.0, 4.1, 4.4, 7.1, 5.4, 5.3, 4.8, 9.5, 8.5, 9.0, 6.5, 6.4, 11.7, 9.5, 8.9, 6.6, 5.1, 7.4, 8.6, 7.3, 13.1, 12.1, 10.4, 5.2, 5.0, 6.9, 11.1, 8.7, 5.7, 5.3, 5.7, 5.9, 6.2, 10.6, 8.7, 9.6, 14.4, 6.7, 9.1, 6.3, 5.0, 11.7, 10.5, 9.1, 10.2, 14.2, 4.9, 5.7, 10.9, 4.5, 8.1, 7.6, 6.6, 11.3, 9.8, 7.3, 5.3, 8.7]
[0.0, 0.0, 0.0, 0.0, 0.0, 0.0, 0.0, 0.0, 0.0, 2.2, 2.2, 2.3, 2.4, 2.8, 2.9, 3.0, 3.0, 3.3, 3.4, 3.4, 3.6, 3.7, 4.0, 4.1, 4.4, 4.5, 5.4, 5.3, 4.8, 9.5, 8.5, 9.0, 6.5, 6.4, 11.7, 9.5, 8.9, 6.6, 5.1, 7.4, 8.6, 7.3, 13.1, 12.1, 10.4, 5.2, 5.0, 6.9, 11.1, 8.7, 5.7, 5.3, 5.7, 5.9, 6.2, 10.6, 8.7, 9.6, 14.4, 6.7, 9.1, 6.3, 5.0, 11.7, 10.5, 9.1, 10.2, 14.2, 4.9, 5.7, 10.9, 7.1, 8.1, 7.6, 6.6, 11.3, 9.8, 7.3, 5.3, 8.7]
[0.0, 0.0, 0.0, 0.0, 0.0, 0.0, 0.0, 0.0, 0.0, 2.2, 2.2, 2.3, 2.4, 2.8, 2.9, 3.0, 3.0, 3.3, 3.4, 3.4, 3.6, 3.7, 4.0, 4.1, 4.4, 4.5, 4.8, 5.3, 5.4, 9.5, 8.5, 9.0, 6.5, 6.4, 11.7, 9.5, 8.9, 6.6, 5.1, 7.4, 8.6, 7.3, 13.1, 12.1, 10.4, 5.2, 5.0, 6.9, 11.1, 8.7, 5.7, 5.3, 5.7, 5.9, 6.2, 10.6, 8.7, 9.6, 14.4, 6.7, 9.1, 6.3, 5.0, 11.7, 10.5, 9.1, 10.2, 14.2, 4.9, 5.7, 10.9, 7.1, 8.1, 7.6, 6.6, 11.3, 9.8, 7.3, 5.3, 8.7]
[0.0, 0.0, 0.0, 0.0, 0.0, 0.0, 0.0, 0.0, 0.0, 2.2, 2.2, 2.3, 2.4, 2.8, 2.9, 3.0, 3.0, 3.3, 3.4, 3.4, 3.6, 3.7, 4.0, 4.1, 4.4, 4.5, 4.8, 4.9, 5.4, 9.5, 8.5, 9.0, 6.5, 6.4, 11.7, 9.5, 8.9, 6.6, 5.1, 7.4, 8.6, 7.3, 13.1, 12.1, 10.4, 5.2, 5.0, 6.9, 11.1, 8.7, 5.7, 5.3, 5.7, 5.9, 6.2, 10.6, 8.7, 9.6, 14.4, 6.7, 9.1, 6.3, 5.0, 11.7, 10.5, 9.1, 10.2, 14.2, 5.3, 5.7, 10.9, 7.1, 8.1, 7.6, 6.6, 11.3, 9.8, 7.3, 5.3, 8.7]
[0.0, 0.0, 0.0, 0.0, 0.0, 0.0, 0.0, 0.0, 0.0, 2.2, 2.2, 2.3, 2.4, 2.8, 2.9, 3.0, 3.0, 3.3, 3.4, 3.4, 3.6, 3.7, 4.0, 4.1, 4.4, 4.5, 4.8, 4.9, 5.0, 9.5, 8.5, 9.0, 6.5, 6.4, 11.7, 9.5, 8.9, 6.6, 5.1, 7.4, 8.6, 7.3, 13.1, 12.1, 10.4, 5.2, 5.4, 6.9, 11.1, 8.7, 5.7, 5.3, 5.7, 5.9, 6.2, 10.6, 8.7, 9.6, 14.4, 6.7, 9.1, 6.3, 5.0, 11.7, 10.5, 9.1, 10.2, 14.2, 5.3, 5.7, 10.9, 7.1, 8.1, 7.6, 6.6, 11.3, 9.8, 7.3, 5.3, 8.7]
[0.0, 0.0, 0.0, 0.0, 0.0, 0.0, 0.0, 0.0, 0.0, 2.2, 2.2, 2.3, 2.4, 2.8, 2.9, 3.0, 3.0, 3.3, 3.4, 3.4, 3.6, 3.7, 4.0, 4.1, 4.4, 4.5, 4.8, 4.9, 5.0, 5.0, 8.5, 9.0, 6.5, 6.4, 11.7, 9.5, 8.9, 6.6, 5.1, 7.4, 8.6, 7.3, 13.1, 12.1, 10.4, 5.2, 5.4, 6.9, 11.1, 8.7, 5.7, 5.3, 5.7, 5.9, 6.2, 10.6, 8.7, 9.6, 14.4, 6.7, 9.1, 6.3, 9.5, 11.7, 10.5, 9.1, 10.2, 14.2, 5.3, 5.7, 10.9, 7.1, 8.1, 7.6, 6.6, 11.3, 9.8, 7.3, 5.3, 8.7]
[0.0, 0.0, 0.0, 0.0, 0.0, 0.0, 0.0, 0.0, 0.0, 2.2, 2.2, 2.3, 2.4, 2.8, 2.9, 3.0, 3.0, 3.3, 3.4, 3.4, 3.6, 3.7, 4.0, 4.1, 4.4, 4.5, 4.8, 4.9, 5.0, 5.0, 5.1, 9.0, 6.5, 6.4, 11.7, 9.5, 8.9, 6.6, 8.5, 7.4, 8.6, 7.3, 13.1, 12.1, 10.4, 5.2, 5.4, 6.9, 11.1, 8.7, 5.7, 5.3, 5.7, 5.9, 6.2, 10.6, 8.7, 9.6, 14.4, 6.7, 9.1, 6.3, 9.5, 11.7, 10.5, 9.1, 10.2, 14.2, 5.3, 5.7, 10.9, 7.1, 8.1, 7.6, 6.6, 11.3, 9.8, 7.3, 5.3, 8.7]
[0.0, 0.0, 0.0, 0.0, 0.0, 0.0, 0.0, 0.0, 0.0, 2.2, 2.2, 2.3, 2.4, 2.8, 2.9, 3.0, 3.0, 3.3, 3.4, 3.4, 3.6, 3.7, 4.0, 4.1, 4.4, 4.5, 4.8, 4.9, 5.0, 5.0, 5.1, 5.2, 6.5, 6.4, 11.7, 9.5, 8.9, 6.6, 8.5, 7.4, 8.6, 7.3, 13.1, 12.1, 10.4, 9.0, 5.4, 6.9, 11.1, 8.7, 5.7, 5.3, 5.7, 5.9, 6.2, 10.6, 8.7, 9.6, 14.4, 6.7, 9.1, 6.3, 9.5, 11.7, 10.5, 9.1, 10.2, 14.2, 5.3, 5.7, 10.9, 7.1, 8.1, 7.6, 6.6, 11.3, 9.8, 7.3, 5.3, 8.7]
[0.0, 0.0, 0.0, 0.0, 0.0, 0.0, 0.0, 0.0, 0.0, 2.2, 2.2, 2.3, 2.4, 2.8, 2.9, 3.0, 3.0, 3.3, 3.4, 3.4, 3.6, 3.7, 4.0, 4.1, 4.4, 4.5, 4.8, 4.9, 5.0, 5.0, 5.1, 5.2, 5.3, 6.4, 11.7, 9.5, 8.9, 6.6, 8.5, 7.4, 8.6, 7.3, 13.1, 12.1, 10.4, 9.0, 5.4, 6.9, 11.1, 8.7, 5.7, 6.5, 5.7, 5.9, 6.2, 10.6, 8.7, 9.6, 14.4, 6.7, 9.1, 6.3, 9.5, 11.7, 10.5, 9.1, 10.2, 14.2, 5.3, 5.7, 10.9, 7.1, 8.1, 7.6, 6.6, 11.3, 9.8, 7.3, 5.3, 8.7]
[0.0, 0.0, 0.0, 0.0, 0.0, 0.0, 0.0, 0.0, 0.0, 2.2, 2.2, 2.3, 2.4, 2.8, 2.9, 3.0, 3.0, 3.3, 3.4, 3.4, 3.6, 3.7, 4.0, 4.1, 4.4, 4.5, 4.8, 4.9, 5.0, 5.0, 5.1, 5.2, 5.3, 5.3, 11.7, 9.5, 8.9, 6.6, 8.5, 7.4, 8.6, 7.3, 13.1, 12.1, 10.4, 9.0, 5.4, 6.9, 11.1, 8.7, 5.7, 6.5, 5.7, 5.9, 6.2, 10.6, 8.7, 9.6, 14.4, 6.7, 9.1, 6.3, 9.5, 11.7, 10.5, 9.1, 10.2, 14.2, 6.4, 5.7, 10.9, 7.1, 8.1, 7.6, 6.6, 11.3, 9.8, 7.3, 5.3, 8.7]
[0.0, 0.0, 0.0, 0.0, 0.0, 0.0, 0.0, 0.0, 0.0, 2.2, 2.2, 2.3, 2.4, 2.8, 2.9, 3.0, 3.0, 3.3, 3.4, 3.4, 3.6, 3.7, 4.0, 4.1, 4.4, 4.5, 4.8, 4.9, 5.0, 5.0, 5.1, 5.2, 5.3, 5.3, 5.3, 9.5, 8.9, 6.6, 8.5, 7.4, 8.6, 7.3, 13.1, 12.1, 10.4, 9.0, 5.4, 6.9, 11.1, 8.7, 5.7, 6.5, 5.7, 5.9, 6.2, 10.6, 8.7, 9.6, 14.4, 6.7, 9.1, 6.3, 9.5, 11.7, 10.5, 9.1, 10.2, 14.2, 6.4, 5.7, 10.9, 7.1, 8.1, 7.6, 6.6, 11.3, 9.8, 7.3, 11.7, 8.7]
[0.0, 0.0, 0.0, 0.0, 0.0, 0.0, 0.0, 0.0, 0.0, 2.2, 2.2, 2.3, 2.4, 2.8, 2.9, 3.0, 3.0, 3.3, 3.4, 3.4, 3.6, 3.7, 4.0, 4.1, 4.4, 4.5, 4.8, 4.9, 5.0, 5.0, 5.1, 5.2, 5.3, 5.3, 5.3, 5.4, 8.9, 6.6, 8.5, 7.4, 8.6, 7.3, 13.1, 12.1, 10.4, 9.0, 9.5, 6.9, 11.1, 8.7, 5.7, 6.5, 5.7, 5.9, 6.2, 10.6, 8.7, 9.6, 14.4, 6.7, 9.1, 6.3, 9.5, 11.7, 10.5, 9.1, 10.2, 14.2, 6.4, 5.7, 10.9, 7.1, 8.1, 7.6, 6.6, 11.3, 9.8, 7.3, 11.7, 8.7]
[0.0, 0.0, 0.0, 0.0, 0.0, 0.0, 0.0, 0.0, 0.0, 2.2, 2.2, 2.3, 2.4, 2.8, 2.9, 3.0, 3.0, 3.3, 3.4, 3.4, 3.6, 3.7, 4.0, 4.1, 4.4, 4.5, 4.8, 4.9, 5.0, 5.0, 5.1, 5.2, 5.3, 5.3, 5.3, 5.4, 5.7, 6.6, 8.5, 7.4, 8.6, 7.3, 13.1, 12.1, 10.4, 9.0, 9.5, 6.9, 11.1, 8.7, 8.9, 6.5, 5.7, 5.9, 6.2, 10.6, 8.7, 9.6, 14.4, 6.7, 9.1, 6.3, 9.5, 11.7, 10.5, 9.1, 10.2, 14.2, 6.4, 5.7, 10.9, 7.1, 8.1, 7.6, 6.6, 11.3, 9.8, 7.3, 11.7, 8.7]
[0.0, 0.0, 0.0, 0.0, 0.0, 0.0, 0.0, 0.0, 0.0, 2.2, 2.2, 2.3, 2.4, 2.8, 2.9, 3.0, 3.0, 3.3, 3.4, 3.4, 3.6, 3.7, 4.0, 4.1, 4.4, 4.5, 4.8, 4.9, 5.0, 5.0, 5.1, 5.2, 5.3, 5.3, 5.3, 5.4, 5.7, 5.7, 8.5, 7.4, 8.6, 7.3, 13.1, 12.1, 10.4, 9.0, 9.5, 6.9, 11.1, 8.7, 8.9, 6.5, 6.6, 5.9, 6.2, 10.6, 8.7, 9.6, 14.4, 6.7, 9.1, 6.3, 9.5, 11.7, 10.5, 9.1, 10.2, 14.2, 6.4, 5.7, 10.9, 7.1, 8.1, 7.6, 6.6, 11.3, 9.8, 7.3, 11.7, 8.7]
[0.0, 0.0, 0.0, 0.0, 0.0, 0.0, 0.0, 0.0, 0.0, 2.2, 2.2, 2.3, 2.4, 2.8, 2.9, 3.0, 3.0, 3.3, 3.4, 3.4, 3.6, 3.7, 4.0, 4.1, 4.4, 4.5, 4.8, 4.9, 5.0, 5.0, 5.1, 5.2, 5.3, 5.3, 5.3, 5.4, 5.7, 5.7, 5.7, 7.4, 8.6, 7.3, 13.1, 12.1, 10.4, 9.0, 9.5, 6.9, 11.1, 8.7, 8.9, 6.5, 6.6, 5.9, 6.2, 10.6, 8.7, 9.6, 14.4, 6.7, 9.1, 6.3, 9.5, 11.7, 10.5, 9.1, 10.2, 14.2, 6.4, 8.5, 10.9, 7.1, 8.1, 7.6, 6.6, 11.3, 9.8, 7.3, 11.7, 8.7]
[0.0, 0.0, 0.0, 0.0, 0.0, 0.0, 0.0, 0.0, 0.0, 2.2, 2.2, 2.3, 2.4, 2.8, 2.9, 3.0, 3.0, 3.3, 3.4, 3.4, 3.6, 3.7, 4.0, 4.1, 4.4, 4.5, 4.8, 4.9, 5.0, 5.0, 5.1, 5.2, 5.3, 5.3, 5.3, 5.4, 5.7, 5.7, 5.7, 5.9, 8.6, 7.3, 13.1, 12.1, 10.4, 9.0, 9.5, 6.9, 11.1, 8.7, 8.9, 6.5, 6.6, 7.4, 6.2, 10.6, 8.7, 9.6, 14.4, 6.7, 9.1, 6.3, 9.5, 11.7, 10.5, 9.1, 10.2, 14.2, 6.4, 8.5, 10.9, 7.1, 8.1, 7.6, 6.6, 11.3, 9.8, 7.3, 11.7, 8.7]
[0.0, 0.0, 0.0, 0.0, 0.0, 0.0, 0.0, 0.0, 0.0, 2.2, 2.2, 2.3, 2.4, 2.8, 2.9, 3.0, 3.0, 3.3, 3.4, 3.4, 3.6, 3.7, 4.0, 4.1, 4.4, 4.5, 4.8, 4.9, 5.0, 5.0, 5.1, 5.2, 5.3, 5.3, 5.3, 5.4, 5.7, 5.7, 5.7, 5.9, 6.2, 7.3, 13.1, 12.1, 10.4, 9.0, 9.5, 6.9, 11.1, 8.7, 8.9, 6.5, 6.6, 7.4, 8.6, 10.6, 8.7, 9.6, 14.4, 6.7, 9.1, 6.3, 9.5, 11.7, 10.5, 9.1, 10.2, 14.2, 6.4, 8.5, 10.9, 7.1, 8.1, 7.6, 6.6, 11.3, 9.8, 7.3, 11.7, 8.7]
[0.0, 0.0, 0.0, 0.0, 0.0, 0.0, 0.0, 0.0, 0.0, 2.2, 2.2, 2.3, 2.4, 2.8, 2.9, 3.0, 3.0, 3.3, 3.4, 3.4, 3.6, 3.7, 4.0, 4.1, 4.4, 4.5, 4.8, 4.9, 5.0, 5.0, 5.1, 5.2, 5.3, 5.3, 5.3, 5.4, 5.7, 5.7, 5.7, 5.9, 6.2, 6.3, 13.1, 12.1, 10.4, 9.0, 9.5, 6.9, 11.1, 8.7, 8.9, 6.5, 6.6, 7.4, 8.6, 10.6, 8.7, 9.6, 14.4, 6.7, 9.1, 7.3, 9.5, 11.7, 10.5, 9.1, 10.2, 14.2, 6.4, 8.5, 10.9, 7.1, 8.1, 7.6, 6.6, 11.3, 9.8, 7.3, 11.7, 8.7]
[0.0, 0.0, 0.0, 0.0, 0.0, 0.0, 0.0, 0.0, 0.0, 2.2, 2.2, 2.3, 2.4, 2.8, 2.9, 3.0, 3.0, 3.3, 3.4, 3.4, 3.6, 3.7, 4.0, 4.1, 4.4, 4.5, 4.8, 4.9, 5.0, 5.0, 5.1, 5.2, 5.3, 5.3, 5.3, 5.4, 5.7, 5.7, 5.7, 5.9, 6.2, 6.3, 6.4, 12.1, 10.4, 9.0, 9.5, 6.9, 11.1, 8.7, 8.9, 6.5, 6.6, 7.4, 8.6, 10.6, 8.7, 9.6, 14.4, 6.7, 9.1, 7.3, 9.5, 11.7, 10.5, 9.1, 10.2, 14.2, 13.1, 8.5, 10.9, 7.1, 8.1, 7.6, 6.6, 11.3, 9.8, 7.3, 11.7, 8.7]
[0.0, 0.0, 0.0, 0.0, 0.0, 0.0, 0.0, 0.0, 0.0, 2.2, 2.2, 2.3, 2.4, 2.8, 2.9, 3.0, 3.0, 3.3, 3.4, 3.4, 3.6, 3.7, 4.0, 4.1, 4.4, 4.5, 4.8, 4.9, 5.0, 5.0, 5.1, 5.2, 5.3, 5.3, 5.3, 5.4, 5.7, 5.7, 5.7, 5.9, 6.2, 6.3, 6.4, 6.5, 10.4, 9.0, 9.5, 6.9, 11.1, 8.7, 8.9, 12.1, 6.6, 7.4, 8.6, 10.6, 8.7, 9.6, 14.4, 6.7, 9.1, 7.3, 9.5, 11.7, 10.5, 9.1, 10.2, 14.2, 13.1, 8.5, 10.9, 7.1, 8.1, 7.6, 6.6, 11.3, 9.8, 7.3, 11.7, 8.7]
[0.0, 0.0, 0.0, 0.0, 0.0, 0.0, 0.0, 0.0, 0.0, 2.2, 2.2, 2.3, 2.4, 2.8, 2.9, 3.0, 3.0, 3.3, 3.4, 3.4, 3.6, 3.7, 4.0, 4.1, 4.4, 4.5, 4.8, 4.9, 5.0, 5.0, 5.1, 5.2, 5.3, 5.3, 5.3, 5.4, 5.7, 5.7, 5.7, 5.9, 6.2, 6.3, 6.4, 6.5, 6.6, 9.0, 9.5, 6.9, 11.1, 8.7, 8.9, 12.1, 10.4, 7.4, 8.6, 10.6, 8.7, 9.6, 14.4, 6.7, 9.1, 7.3, 9.5, 11.7, 10.5, 9.1, 10.2, 14.2, 13.1, 8.5, 10.9, 7.1, 8.1, 7.6, 6.6, 11.3, 9.8, 7.3, 11.7, 8.7]
[0.0, 0.0, 0.0, 0.0, 0.0, 0.0, 0.0, 0.0, 0.0, 2.2, 2.2, 2.3, 2.4, 2.8, 2.9, 3.0, 3.0, 3.3, 3.4, 3.4, 3.6, 3.7, 4.0, 4.1, 4.4, 4.5, 4.8, 4.9, 5.0, 5.0, 5.1, 5.2, 5.3, 5.3, 5.3, 5.4, 5.7, 5.7, 5.7, 5.9, 6.2, 6.3, 6.4, 6.5, 6.6, 6.6, 9.5, 6.9, 11.1, 8.7, 8.9, 12.1, 10.4, 7.4, 8.6, 10.6, 8.7, 9.6, 14.4, 6.7, 9.1, 7.3, 9.5, 11.7, 10.5, 9.1, 10.2, 14.2, 13.1, 8.5, 10.9, 7.1, 8.1, 7.6, 9.0, 11.3, 9.8, 7.3, 11.7, 8.7]
[0.0, 0.0, 0.0, 0.0, 0.0, 0.0, 0.0, 0.0, 0.0, 2.2, 2.2, 2.3, 2.4, 2.8, 2.9, 3.0, 3.0, 3.3, 3.4, 3.4, 3.6, 3.7, 4.0, 4.1, 4.4, 4.5, 4.8, 4.9, 5.0, 5.0, 5.1, 5.2, 5.3, 5.3, 5.3, 5.4, 5.7, 5.7, 5.7, 5.9, 6.2, 6.3, 6.4, 6.5, 6.6, 6.6, 6.7, 6.9, 11.1, 8.7, 8.9, 12.1, 10.4, 7.4, 8.6, 10.6, 8.7, 9.6, 14.4, 9.5, 9.1, 7.3, 9.5, 11.7, 10.5, 9.1, 10.2, 14.2, 13.1, 8.5, 10.9, 7.1, 8.1, 7.6, 9.0, 11.3, 9.8, 7.3, 11.7, 8.7]
[0.0, 0.0, 0.0, 0.0, 0.0, 0.0, 0.0, 0.0, 0.0, 2.2, 2.2, 2.3, 2.4, 2.8, 2.9, 3.0, 3.0, 3.3, 3.4, 3.4, 3.6, 3.7, 4.0, 4.1, 4.4, 4.5, 4.8, 4.9, 5.0, 5.0, 5.1, 5.2, 5.3, 5.3, 5.3, 5.4, 5.7, 5.7, 5.7, 5.9, 6.2, 6.3, 6.4, 6.5, 6.6, 6.6, 6.7, 6.9, 7.1, 8.7, 8.9, 12.1, 10.4, 7.4, 8.6, 10.6, 8.7, 9.6, 14.4, 9.5, 9.1, 7.3, 9.5, 11.7, 10.5, 9.1, 10.2, 14.2, 13.1, 8.5, 10.9, 11.1, 8.1, 7.6, 9.0, 11.3, 9.8, 7.3, 11.7, 8.7]
[0.0, 0.0, 0.0, 0.0, 0.0, 0.0, 0.0, 0.0, 0.0, 2.2, 2.2, 2.3, 2.4, 2.8, 2.9, 3.0, 3.0, 3.3, 3.4, 3.4, 3.6, 3.7, 4.0, 4.1, 4.4, 4.5, 4.8, 4.9, 5.0, 5.0, 5.1, 5.2, 5.3, 5.3, 5.3, 5.4, 5.7, 5.7, 5.7, 5.9, 6.2, 6.3, 6.4, 6.5, 6.6, 6.6, 6.7, 6.9, 7.1, 7.3, 8.9, 12.1, 10.4, 7.4, 8.6, 10.6, 8.7, 9.6, 14.4, 9.5, 9.1, 8.7, 9.5, 11.7, 10.5, 9.1, 10.2, 14.2, 13.1, 8.5, 10.9, 11.1, 8.1, 7.6, 9.0, 11.3, 9.8, 7.3, 11.7, 8.7]
[0.0, 0.0, 0.0, 0.0, 0.0, 0.0, 0.0, 0.0, 0.0, 2.2, 2.2, 2.3, 2.4, 2.8, 2.9, 3.0, 3.0, 3.3, 3.4, 3.4, 3.6, 3.7, 4.0, 4.1, 4.4, 4.5, 4.8, 4.9, 5.0, 5.0, 5.1, 5.2, 5.3, 5.3, 5.3, 5.4, 5.7, 5.7, 5.7, 5.9, 6.2, 6.3, 6.4, 6.5, 6.6, 6.6, 6.7, 6.9, 7.1, 7.3, 7.3, 12.1, 10.4, 7.4, 8.6, 10.6, 8.7, 9.6, 14.4, 9.5, 9.1, 8.7, 9.5, 11.7, 10.5, 9.1, 10.2, 14.2, 13.1, 8.5, 10.9, 11.1, 8.1, 7.6, 9.0, 11.3, 9.8, 8.9, 11.7, 8.7]
[0.0, 0.0, 0.0, 0.0, 0.0, 0.0, 0.0, 0.0, 0.0, 2.2, 2.2, 2.3, 2.4, 2.8, 2.9, 3.0, 3.0, 3.3, 3.4, 3.4, 3.6, 3.7, 4.0, 4.1, 4.4, 4.5, 4.8, 4.9, 5.0, 5.0, 5.1, 5.2, 5.3, 5.3, 5.3, 5.4, 5.7, 5.7, 5.7, 5.9, 6.2, 6.3, 6.4, 6.5, 6.6, 6.6, 6.7, 6.9, 7.1, 7.3, 7.3, 7.4, 10.4, 12.1, 8.6, 10.6, 8.7, 9.6, 14.4, 9.5, 9.1, 8.7, 9.5, 11.7, 10.5, 9.1, 10.2, 14.2, 13.1, 8.5, 10.9, 11.1, 8.1, 7.6, 9.0, 11.3, 9.8, 8.9, 11.7, 8.7]
[0.0, 0.0, 0.0, 0.0, 0.0, 0.0, 0.0, 0.0, 0.0, 2.2, 2.2, 2.3, 2.4, 2.8, 2.9, 3.0, 3.0, 3.3, 3.4, 3.4, 3.6, 3.7, 4.0, 4.1, 4.4, 4.5, 4.8, 4.9, 5.0, 5.0, 5.1, 5.2, 5.3, 5.3, 5.3, 5.4, 5.7, 5.7, 5.7, 5.9, 6.2, 6.3, 6.4, 6.5, 6.6, 6.6, 6.7, 6.9, 7.1, 7.3, 7.3, 7.4, 7.6, 12.1, 8.6, 10.6, 8.7, 9.6, 14.4, 9.5, 9.1, 8.7, 9.5, 11.7, 10.5, 9.1, 10.2, 14.2, 13.1, 8.5, 10.9, 11.1, 8.1, 10.4, 9.0, 11.3, 9.8, 8.9, 11.7, 8.7]
[0.0, 0.0, 0.0, 0.0, 0.0, 0.0, 0.0, 0.0, 0.0, 2.2, 2.2, 2.3, 2.4, 2.8, 2.9, 3.0, 3.0, 3.3, 3.4, 3.4, 3.6, 3.7, 4.0, 4.1, 4.4, 4.5, 4.8, 4.9, 5.0, 5.0, 5.1, 5.2, 5.3, 5.3, 5.3, 5.4, 5.7, 5.7, 5.7, 5.9, 6.2, 6.3, 6.4, 6.5, 6.6, 6.6, 6.7, 6.9, 7.1, 7.3, 7.3, 7.4, 7.6, 8.1, 8.6, 10.6, 8.7, 9.6, 14.4, 9.5, 9.1, 8.7, 9.5, 11.7, 10.5, 9.1, 10.2, 14.2, 13.1, 8.5, 10.9, 11.1, 12.1, 10.4, 9.0, 11.3, 9.8, 8.9, 11.7, 8.7]
[0.0, 0.0, 0.0, 0.0, 0.0, 0.0, 0.0, 0.0, 0.0, 2.2, 2.2, 2.3, 2.4, 2.8, 2.9, 3.0, 3.0, 3.3, 3.4, 3.4, 3.6, 3.7, 4.0, 4.1, 4.4, 4.5, 4.8, 4.9, 5.0, 5.0, 5.1, 5.2, 5.3, 5.3, 5.3, 5.4, 5.7, 5.7, 5.7, 5.9, 6.2, 6.3, 6.4, 6.5, 6.6, 6.6, 6.7, 6.9, 7.1, 7.3, 7.3, 7.4, 7.6, 8.1, 8.5, 10.6, 8.7, 9.6, 14.4, 9.5, 9.1, 8.7, 9.5, 11.7, 10.5, 9.1, 10.2, 14.2, 13.1, 8.6, 10.9, 11.1, 12.1, 10.4, 9.0, 11.3, 9.8, 8.9, 11.7, 8.7]
[0.0, 0.0, 0.0, 0.0, 0.0, 0.0, 0.0, 0.0, 0.0, 2.2, 2.2, 2.3, 2.4, 2.8, 2.9, 3.0, 3.0, 3.3, 3.4, 3.4, 3.6, 3.7, 4.0, 4.1, 4.4, 4.5, 4.8, 4.9, 5.0, 5.0, 5.1, 5.2, 5.3, 5.3, 5.3, 5.4, 5.7, 5.7, 5.7, 5.9, 6.2, 6.3, 6.4, 6.5, 6.6, 6.6, 6.7, 6.9, 7.1, 7.3, 7.3, 7.4, 7.6, 8.1, 8.5, 8.6, 8.7, 9.6, 14.4, 9.5, 9.1, 8.7, 9.5, 11.7, 10.5, 9.1, 10.2, 14.2, 13.1, 10.6, 10.9, 11.1, 12.1, 10.4, 9.0, 11.3, 9.8, 8.9, 11.7, 8.7]
[0.0, 0.0, 0.0, 0.0, 0.0, 0.0, 0.0, 0.0, 0.0, 2.2, 2.2, 2.3, 2.4, 2.8, 2.9, 3.0, 3.0, 3.3, 3.4, 3.4, 3.6, 3.7, 4.0, 4.1, 4.4, 4.5, 4.8, 4.9, 5.0, 5.0, 5.1, 5.2, 5.3, 5.3, 5.3, 5.4, 5.7, 5.7, 5.7, 5.9, 6.2, 6.3, 6.4, 6.5, 6.6, 6.6, 6.7, 6.9, 7.1, 7.3, 7.3, 7.4, 7.6, 8.1, 8.5, 8.6, 8.7, 8.7, 14.4, 9.5, 9.1, 9.6, 9.5, 11.7, 10.5, 9.1, 10.2, 14.2, 13.1, 10.6, 10.9, 11.1, 12.1, 10.4, 9.0, 11.3, 9.8, 8.9, 11.7, 8.7]
[0.0, 0.0, 0.0, 0.0, 0.0, 0.0, 0.0, 0.0, 0.0, 2.2, 2.2, 2.3, 2.4, 2.8, 2.9, 3.0, 3.0, 3.3, 3.4, 3.4, 3.6, 3.7, 4.0, 4.1, 4.4, 4.5, 4.8, 4.9, 5.0, 5.0, 5.1, 5.2, 5.3, 5.3, 5.3, 5.4, 5.7, 5.7, 5.7, 5.9, 6.2, 6.3, 6.4, 6.5, 6.6, 6.6, 6.7, 6.9, 7.1, 7.3, 7.3, 7.4, 7.6, 8.1, 8.5, 8.6, 8.7, 8.7, 8.7, 9.5, 9.1, 9.6, 9.5, 11.7, 10.5, 9.1, 10.2, 14.2, 13.1, 10.6, 10.9, 11.1, 12.1, 10.4, 9.0, 11.3, 9.8, 8.9, 11.7, 14.4]
[0.0, 0.0, 0.0, 0.0, 0.0, 0.0, 0.0, 0.0, 0.0, 2.2, 2.2, 2.3, 2.4, 2.8, 2.9, 3.0, 3.0, 3.3, 3.4, 3.4, 3.6, 3.7, 4.0, 4.1, 4.4, 4.5, 4.8, 4.9, 5.0, 5.0, 5.1, 5.2, 5.3, 5.3, 5.3, 5.4, 5.7, 5.7, 5.7, 5.9, 6.2, 6.3, 6.4, 6.5, 6.6, 6.6, 6.7, 6.9, 7.1, 7.3, 7.3, 7.4, 7.6, 8.1, 8.5, 8.6, 8.7, 8.7, 8.7, 8.9, 9.1, 9.6, 9.5, 11.7, 10.5, 9.1, 10.2, 14.2, 13.1, 10.6, 10.9, 11.1, 12.1, 10.4, 9.0, 11.3, 9.8, 9.5, 11.7, 14.4]
[0.0, 0.0, 0.0, 0.0, 0.0, 0.0, 0.0, 0.0, 0.0, 2.2, 2.2, 2.3, 2.4, 2.8, 2.9, 3.0, 3.0, 3.3, 3.4, 3.4, 3.6, 3.7, 4.0, 4.1, 4.4, 4.5, 4.8, 4.9, 5.0, 5.0, 5.1, 5.2, 5.3, 5.3, 5.3, 5.4, 5.7, 5.7, 5.7, 5.9, 6.2, 6.3, 6.4, 6.5, 6.6, 6.6, 6.7, 6.9, 7.1, 7.3, 7.3, 7.4, 7.6, 8.1, 8.5, 8.6, 8.7, 8.7, 8.7, 8.9, 9.0, 9.6, 9.5, 11.7, 10.5, 9.1, 10.2, 14.2, 13.1, 10.6, 10.9, 11.1, 12.1, 10.4, 9.1, 11.3, 9.8, 9.5, 11.7, 14.4]
[0.0, 0.0, 0.0, 0.0, 0.0, 0.0, 0.0, 0.0, 0.0, 2.2, 2.2, 2.3, 2.4, 2.8, 2.9, 3.0, 3.0, 3.3, 3.4, 3.4, 3.6, 3.7, 4.0, 4.1, 4.4, 4.5, 4.8, 4.9, 5.0, 5.0, 5.1, 5.2, 5.3, 5.3, 5.3, 5.4, 5.7, 5.7, 5.7, 5.9, 6.2, 6.3, 6.4, 6.5, 6.6, 6.6, 6.7, 6.9, 7.1, 7.3, 7.3, 7.4, 7.6, 8.1, 8.5, 8.6, 8.7, 8.7, 8.7, 8.9, 9.0, 9.1, 9.5, 11.7, 10.5, 9.1, 10.2, 14.2, 13.1, 10.6, 10.9, 11.1, 12.1, 10.4, 9.6, 11.3, 9.8, 9.5, 11.7, 14.4]
[0.0, 0.0, 0.0, 0.0, 0.0, 0.0, 0.0, 0.0, 0.0, 2.2, 2.2, 2.3, 2.4, 2.8, 2.9, 3.0, 3.0, 3.3, 3.4, 3.4, 3.6, 3.7, 4.0, 4.1, 4.4, 4.5, 4.8, 4.9, 5.0, 5.0, 5.1, 5.2, 5.3, 5.3, 5.3, 5.4, 5.7, 5.7, 5.7, 5.9, 6.2, 6.3, 6.4, 6.5, 6.6, 6.6, 6.7, 6.9, 7.1, 7.3, 7.3, 7.4, 7.6, 8.1, 8.5, 8.6, 8.7, 8.7, 8.7, 8.9, 9.0, 9.1, 9.1, 11.7, 10.5, 9.5, 10.2, 14.2, 13.1, 10.6, 10.9, 11.1, 12.1, 10.4, 9.6, 11.3, 9.8, 9.5, 11.7, 14.4]
[0.0, 0.0, 0.0, 0.0, 0.0, 0.0, 0.0, 0.0, 0.0, 2.2, 2.2, 2.3, 2.4, 2.8, 2.9, 3.0, 3.0, 3.3, 3.4, 3.4, 3.6, 3.7, 4.0, 4.1, 4.4, 4.5, 4.8, 4.9, 5.0, 5.0, 5.1, 5.2, 5.3, 5.3, 5.3, 5.4, 5.7, 5.7, 5.7, 5.9, 6.2, 6.3, 6.4, 6.5, 6.6, 6.6, 6.7, 6.9, 7.1, 7.3, 7.3, 7.4, 7.6, 8.1, 8.5, 8.6, 8.7, 8.7, 8.7, 8.9, 9.0, 9.1, 9.1, 9.5, 10.5, 11.7, 10.2, 14.2, 13.1, 10.6, 10.9, 11.1, 12.1, 10.4, 9.6, 11.3, 9.8, 9.5, 11.7, 14.4]
[0.0, 0.0, 0.0, 0.0, 0.0, 0.0, 0.0, 0.0, 0.0, 2.2, 2.2, 2.3, 2.4, 2.8, 2.9, 3.0, 3.0, 3.3, 3.4, 3.4, 3.6, 3.7, 4.0, 4.1, 4.4, 4.5, 4.8, 4.9, 5.0, 5.0, 5.1, 5.2, 5.3, 5.3, 5.3, 5.4, 5.7, 5.7, 5.7, 5.9, 6.2, 6.3, 6.4, 6.5, 6.6, 6.6, 6.7, 6.9, 7.1, 7.3, 7.3, 7.4, 7.6, 8.1, 8.5, 8.6, 8.7, 8.7, 8.7, 8.9, 9.0, 9.1, 9.1, 9.5, 9.5, 11.7, 10.2, 14.2, 13.1, 10.6, 10.9, 11.1, 12.1, 10.4, 9.6, 11.3, 9.8, 10.5, 11.7, 14.4]
[0.0, 0.0, 0.0, 0.0, 0.0, 0.0, 0.0, 0.0, 0.0, 2.2, 2.2, 2.3, 2.4, 2.8, 2.9, 3.0, 3.0, 3.3, 3.4, 3.4, 3.6, 3.7, 4.0, 4.1, 4.4, 4.5, 4.8, 4.9, 5.0, 5.0, 5.1, 5.2, 5.3, 5.3, 5.3, 5.4, 5.7, 5.7, 5.7, 5.9, 6.2, 6.3, 6.4, 6.5, 6.6, 6.6, 6.7, 6.9, 7.1, 7.3, 7.3, 7.4, 7.6, 8.1, 8.5, 8.6, 8.7, 8.7, 8.7, 8.9, 9.0, 9.1, 9.1, 9.5, 9.5, 9.6, 10.2, 14.2, 13.1, 10.6, 10.9, 11.1, 12.1, 10.4, 11.7, 11.3, 9.8, 10.5, 11.7, 14.4]
[0.0, 0.0, 0.0, 0.0, 0.0, 0.0, 0.0, 0.0, 0.0, 2.2, 2.2, 2.3, 2.4, 2.8, 2.9, 3.0, 3.0, 3.3, 3.4, 3.4, 3.6, 3.7, 4.0, 4.1, 4.4, 4.5, 4.8, 4.9, 5.0, 5.0, 5.1, 5.2, 5.3, 5.3, 5.3, 5.4, 5.7, 5.7, 5.7, 5.9, 6.2, 6.3, 6.4, 6.5, 6.6, 6.6, 6.7, 6.9, 7.1, 7.3, 7.3, 7.4, 7.6, 8.1, 8.5, 8.6, 8.7, 8.7, 8.7, 8.9, 9.0, 9.1, 9.1, 9.5, 9.5, 9.6, 9.8, 14.2, 13.1, 10.6, 10.9, 11.1, 12.1, 10.4, 11.7, 11.3, 10.2, 10.5, 11.7, 14.4]
[0.0, 0.0, 0.0, 0.0, 0.0, 0.0, 0.0, 0.0, 0.0, 2.2, 2.2, 2.3, 2.4, 2.8, 2.9, 3.0, 3.0, 3.3, 3.4, 3.4, 3.6, 3.7, 4.0, 4.1, 4.4, 4.5, 4.8, 4.9, 5.0, 5.0, 5.1, 5.2, 5.3, 5.3, 5.3, 5.4, 5.7, 5.7, 5.7, 5.9, 6.2, 6.3, 6.4, 6.5, 6.6, 6.6, 6.7, 6.9, 7.1, 7.3, 7.3, 7.4, 7.6, 8.1, 8.5, 8.6, 8.7, 8.7, 8.7, 8.9, 9.0, 9.1, 9.1, 9.5, 9.5, 9.6, 9.8, 10.2, 13.1, 10.6, 10.9, 11.1, 12.1, 10.4, 11.7, 11.3, 14.2, 10.5, 11.7, 14.4]
[0.0, 0.0, 0.0, 0.0, 0.0, 0.0, 0.0, 0.0, 0.0, 2.2, 2.2, 2.3, 2.4, 2.8, 2.9, 3.0, 3.0, 3.3, 3.4, 3.4, 3.6, 3.7, 4.0, 4.1, 4.4, 4.5, 4.8, 4.9, 5.0, 5.0, 5.1, 5.2, 5.3, 5.3, 5.3, 5.4, 5.7, 5.7, 5.7, 5.9, 6.2, 6.3, 6.4, 6.5, 6.6, 6.6, 6.7, 6.9, 7.1, 7.3, 7.3, 7.4, 7.6, 8.1, 8.5, 8.6, 8.7, 8.7, 8.7, 8.9, 9.0, 9.1, 9.1, 9.5, 9.5, 9.6, 9.8, 10.2, 10.4, 10.6, 10.9, 11.1, 12.1, 13.1, 11.7, 11.3, 14.2, 10.5, 11.7, 14.4]
[0.0, 0.0, 0.0, 0.0, 0.0, 0.0, 0.0, 0.0, 0.0, 2.2, 2.2, 2.3, 2.4, 2.8, 2.9, 3.0, 3.0, 3.3, 3.4, 3.4, 3.6, 3.7, 4.0, 4.1, 4.4, 4.5, 4.8, 4.9, 5.0, 5.0, 5.1, 5.2, 5.3, 5.3, 5.3, 5.4, 5.7, 5.7, 5.7, 5.9, 6.2, 6.3, 6.4, 6.5, 6.6, 6.6, 6.7, 6.9, 7.1, 7.3, 7.3, 7.4, 7.6, 8.1, 8.5, 8.6, 8.7, 8.7, 8.7, 8.9, 9.0, 9.1, 9.1, 9.5, 9.5, 9.6, 9.8, 10.2, 10.4, 10.5, 10.9, 11.1, 12.1, 13.1, 11.7, 11.3, 14.2, 10.6, 11.7, 14.4]
[0.0, 0.0, 0.0, 0.0, 0.0, 0.0, 0.0, 0.0, 0.0, 2.2, 2.2, 2.3, 2.4, 2.8, 2.9, 3.0, 3.0, 3.3, 3.4, 3.4, 3.6, 3.7, 4.0, 4.1, 4.4, 4.5, 4.8, 4.9, 5.0, 5.0, 5.1, 5.2, 5.3, 5.3, 5.3, 5.4, 5.7, 5.7, 5.7, 5.9, 6.2, 6.3, 6.4, 6.5, 6.6, 6.6, 6.7, 6.9, 7.1, 7.3, 7.3, 7.4, 7.6, 8.1, 8.5, 8.6, 8.7, 8.7, 8.7, 8.9, 9.0, 9.1, 9.1, 9.5, 9.5, 9.6, 9.8, 10.2, 10.4, 10.5, 10.6, 11.1, 12.1, 13.1, 11.7, 11.3, 14.2, 10.9, 11.7, 14.4]
[0.0, 0.0, 0.0, 0.0, 0.0, 0.0, 0.0, 0.0, 0.0, 2.2, 2.2, 2.3, 2.4, 2.8, 2.9, 3.0, 3.0, 3.3, 3.4, 3.4, 3.6, 3.7, 4.0, 4.1, 4.4, 4.5, 4.8, 4.9, 5.0, 5.0, 5.1, 5.2, 5.3, 5.3, 5.3, 5.4, 5.7, 5.7, 5.7, 5.9, 6.2, 6.3, 6.4, 6.5, 6.6, 6.6, 6.7, 6.9, 7.1, 7.3, 7.3, 7.4, 7.6, 8.1, 8.5, 8.6, 8.7, 8.7, 8.7, 8.9, 9.0, 9.1, 9.1, 9.5, 9.5, 9.6, 9.8, 10.2, 10.4, 10.5, 10.6, 10.9, 12.1, 13.1, 11.7, 11.3, 14.2, 11.1, 11.7, 14.4]
[0.0, 0.0, 0.0, 0.0, 0.0, 0.0, 0.0, 0.0, 0.0, 2.2, 2.2, 2.3, 2.4, 2.8, 2.9, 3.0, 3.0, 3.3, 3.4, 3.4, 3.6, 3.7, 4.0, 4.1, 4.4, 4.5, 4.8, 4.9, 5.0, 5.0, 5.1, 5.2, 5.3, 5.3, 5.3, 5.4, 5.7, 5.7, 5.7, 5.9, 6.2, 6.3, 6.4, 6.5, 6.6, 6.6, 6.7, 6.9, 7.1, 7.3, 7.3, 7.4, 7.6, 8.1, 8.5, 8.6, 8.7, 8.7, 8.7, 8.9, 9.0, 9.1, 9.1, 9.5, 9.5, 9.6, 9.8, 10.2, 10.4, 10.5, 10.6, 10.9, 11.1, 13.1, 11.7, 11.3, 14.2, 12.1, 11.7, 14.4]
[0.0, 0.0, 0.0, 0.0, 0.0, 0.0, 0.0, 0.0, 0.0, 2.2, 2.2, 2.3, 2.4, 2.8, 2.9, 3.0, 3.0, 3.3, 3.4, 3.4, 3.6, 3.7, 4.0, 4.1, 4.4, 4.5, 4.8, 4.9, 5.0, 5.0, 5.1, 5.2, 5.3, 5.3, 5.3, 5.4, 5.7, 5.7, 5.7, 5.9, 6.2, 6.3, 6.4, 6.5, 6.6, 6.6, 6.7, 6.9, 7.1, 7.3, 7.3, 7.4, 7.6, 8.1, 8.5, 8.6, 8.7, 8.7, 8.7, 8.9, 9.0, 9.1, 9.1, 9.5, 9.5, 9.6, 9.8, 10.2, 10.4, 10.5, 10.6, 10.9, 11.1, 11.3, 11.7, 13.1, 14.2, 12.1, 11.7, 14.4]
[0.0, 0.0, 0.0, 0.0, 0.0, 0.0, 0.0, 0.0, 0.0, 2.2, 2.2, 2.3, 2.4, 2.8, 2.9, 3.0, 3.0, 3.3, 3.4, 3.4, 3.6, 3.7, 4.0, 4.1, 4.4, 4.5, 4.8, 4.9, 5.0, 5.0, 5.1, 5.2, 5.3, 5.3, 5.3, 5.4, 5.7, 5.7, 5.7, 5.9, 6.2, 6.3, 6.4, 6.5, 6.6, 6.6, 6.7, 6.9, 7.1, 7.3, 7.3, 7.4, 7.6, 8.1, 8.5, 8.6, 8.7, 8.7, 8.7, 8.9, 9.0, 9.1, 9.1, 9.5, 9.5, 9.6, 9.8, 10.2, 10.4, 10.5, 10.6, 10.9, 11.1, 11.3, 11.7, 11.7, 14.2, 12.1, 13.1, 14.4]
[0.0, 0.0, 0.0, 0.0, 0.0, 0.0, 0.0, 0.0, 0.0, 2.2, 2.2, 2.3, 2.4, 2.8, 2.9, 3.0, 3.0, 3.3, 3.4, 3.4, 3.6, 3.7, 4.0, 4.1, 4.4, 4.5, 4.8, 4.9, 5.0, 5.0, 5.1, 5.2, 5.3, 5.3, 5.3, 5.4, 5.7, 5.7, 5.7, 5.9, 6.2, 6.3, 6.4, 6.5, 6.6, 6.6, 6.7, 6.9, 7.1, 7.3, 7.3, 7.4, 7.6, 8.1, 8.5, 8.6, 8.7, 8.7, 8.7, 8.9, 9.0, 9.1, 9.1, 9.5, 9.5, 9.6, 9.8, 10.2, 10.4, 10.5, 10.6, 10.9, 11.1, 11.3, 11.7, 11.7, 12.1, 14.2, 13.1, 14.4]
[0.0, 0.0, 0.0, 0.0, 0.0, 0.0, 0.0, 0.0, 0.0, 2.2, 2.2, 2.3, 2.4, 2.8, 2.9, 3.0, 3.0, 3.3, 3.4, 3.4, 3.6, 3.7, 4.0, 4.1, 4.4, 4.5, 4.8, 4.9, 5.0, 5.0, 5.1, 5.2, 5.3, 5.3, 5.3, 5.4, 5.7, 5.7, 5.7, 5.9, 6.2, 6.3, 6.4, 6.5, 6.6, 6.6, 6.7, 6.9, 7.1, 7.3, 7.3, 7.4, 7.6, 8.1, 8.5, 8.6, 8.7, 8.7, 8.7, 8.9, 9.0, 9.1, 9.1, 9.5, 9.5, 9.6, 9.8, 10.2, 10.4, 10.5, 10.6, 10.9, 11.1, 11.3, 11.7, 11.7, 12.1, 13.1, 14.2, 14.4]
[0.0, 5.3, 3.6, 3.4, 8.6, 5.7, 9.1, 10.9, 8.7, 6.9, 0.0, 4.5, 5.3, 3.4, 6.6, 11.1, 9.5, 9.8, 4.4, 2.2, 0.0, 3.0, 5.9, 2.9, 8.5, 7.1, 5.4, 2.2, 4.8, 3.0, 0.0, 9.0, 6.5, 6.4, 11.7, 9.5, 8.9, 4.1, 5.1, 7.4, 0.0, 7.3, 13.1, 12.1, 10.4, 5.2, 5.0, 2.8, 3.7, 8.7, 0.0, 5.3, 5.7, 4.0, 6.2, 10.6, 8.7, 9.6, 14.4, 6.7, 0.0, 6.3, 5.0, 11.7, 10.5, 9.1, 10.2, 14.2, 4.9, 5.7, 0.0, 2.3, 8.1, 7.6, 6.6, 11.3, 3.3, 7.3, 2.4, 0.0]
[0.0, 0.0, 3.6, 3.4, 8.6, 5.7, 9.1, 10.9, 8.7, 6.9, 5.3, 4.5, 5.3, 3.4, 6.6, 11.1, 9.5, 9.8, 4.4, 2.2, 0.0, 3.0, 5.9, 2.9, 8.5, 7.1, 5.4, 2.2, 4.8, 3.0, 0.0, 9.0, 6.5, 6.4, 11.7, 9.5, 8.9, 4.1, 5.1, 7.4, 0.0, 7.3, 13.1, 12.1, 10.4, 5.2, 5.0, 2.8, 3.7, 8.7, 0.0, 5.3, 5.7, 4.0, 6.2, 10.6, 8.7, 9.6, 14.4, 6.7, 0.0, 6.3, 5.0, 11.7, 10.5, 9.1, 10.2, 14.2, 4.9, 5.7, 0.0, 2.3, 8.1, 7.6, 6.6, 11.3, 3.3, 7.3, 2.4, 0.0]
[0.0, 0.0, 0.0, 3.4, 8.6, 5.7, 9.1, 10.9, 8.7, 6.9, 5.3, 4.5, 5.3, 3.4, 6.6, 11.1, 9.5, 9.8, 4.4, 2.2, 3.6, 3.0, 5.9, 2.9, 8.5, 7.1, 5.4, 2.2, 4.8, 3.0, 0.0, 9.0, 6.5, 6.4, 11.7, 9.5, 8.9, 4.1, 5.1, 7.4, 0.0, 7.3, 13.1, 12.1, 10.4, 5.2, 5.0, 2.8, 3.7, 8.7, 0.0, 5.3, 5.7, 4.0, 6.2, 10.6, 8.7, 9.6, 14.4, 6.7, 0.0, 6.3, 5.0, 11.7, 10.5, 9.1, 10.2, 14.2, 4.9, 5.7, 0.0, 2.3, 8.1, 7.6, 6.6, 11.3, 3.3, 7.3, 2.4, 0.0]
[0.0, 0.0, 0.0, 0.0, 8.6, 5.7, 9.1, 10.9, 8.7, 6.9, 5.3, 4.5, 5.3, 3.4, 6.6, 11.1, 9.5, 9.8, 4.4, 2.2, 3.6, 3.0, 5.9, 2.9, 8.5, 7.1, 5.4, 2.2, 4.8, 3.0, 3.4, 9.0, 6.5, 6.4, 11.7, 9.5, 8.9, 4.1, 5.1, 7.4, 0.0, 7.3, 13.1, 12.1, 10.4, 5.2, 5.0, 2.8, 3.7, 8.7, 0.0, 5.3, 5.7, 4.0, 6.2, 10.6, 8.7, 9.6, 14.4, 6.7, 0.0, 6.3, 5.0, 11.7, 10.5, 9.1, 10.2, 14.2, 4.9, 5.7, 0.0, 2.3, 8.1, 7.6, 6.6, 11.3, 3.3, 7.3, 2.4, 0.0]
[0.0, 0.0, 0.0, 0.0, 0.0, 5.7, 9.1, 10.9, 8.7, 6.9, 5.3, 4.5, 5.3, 3.4, 6.6, 11.1, 9.5, 9.8, 4.4, 2.2, 3.6, 3.0, 5.9, 2.9, 8.5, 7.1, 5.4, 2.2, 4.8, 3.0, 3.4, 9.0, 6.5, 6.4, 11.7, 9.5, 8.9, 4.1, 5.1, 7.4, 8.6, 7.3, 13.1, 12.1, 10.4, 5.2, 5.0, 2.8, 3.7, 8.7, 0.0, 5.3, 5.7, 4.0, 6.2, 10.6, 8.7, 9.6, 14.4, 6.7, 0.0, 6.3, 5.0, 11.7, 10.5, 9.1, 10.2, 14.2, 4.9, 5.7, 0.0, 2.3, 8.1, 7.6, 6.6, 11.3, 3.3, 7.3, 2.4, 0.0]
[0.0, 0.0, 0.0, 0.0, 0.0, 0.0, 9.1, 10.9, 8.7, 6.9, 5.3, 4.5, 5.3, 3.4, 6.6, 11.1, 9.5, 9.8, 4.4, 2.2, 3.6, 3.0, 5.9, 2.9, 8.5, 7.1, 5.4, 2.2, 4.8, 3.0, 3.4, 9.0, 6.5, 6.4, 11.7, 9.5, 8.9, 4.1, 5.1, 7.4, 8.6, 7.3, 13.1, 12.1, 10.4, 5.2, 5.0, 2.8, 3.7, 8.7, 5.7, 5.3, 5.7, 4.0, 6.2, 10.6, 8.7, 9.6, 14.4, 6.7, 0.0, 6.3, 5.0, 11.7, 10.5, 9.1, 10.2, 14.2, 4.9, 5.7, 0.0, 2.3, 8.1, 7.6, 6.6, 11.3, 3.3, 7.3, 2.4, 0.0]
[0.0, 0.0, 0.0, 0.0, 0.0, 0.0, 0.0, 10.9, 8.7, 6.9, 5.3, 4.5, 5.3, 3.4, 6.6, 11.1, 9.5, 9.8, 4.4, 2.2, 3.6, 3.0, 5.9, 2.9, 8.5, 7.1, 5.4, 2.2, 4.8, 3.0, 3.4, 9.0, 6.5, 6.4, 11.7, 9.5, 8.9, 4.1, 5.1, 7.4, 8.6, 7.3, 13.1, 12.1, 10.4, 5.2, 5.0, 2.8, 3.7, 8.7, 5.7, 5.3, 5.7, 4.0, 6.2, 10.6, 8.7, 9.6, 14.4, 6.7, 9.1, 6.3, 5.0, 11.7, 10.5, 9.1, 10.2, 14.2, 4.9, 5.7, 0.0, 2.3, 8.1, 7.6, 6.6, 11.3, 3.3, 7.3, 2.4, 0.0]
[0.0, 0.0, 0.0, 0.0, 0.0, 0.0, 0.0, 0.0, 8.7, 6.9, 5.3, 4.5, 5.3, 3.4, 6.6, 11.1, 9.5, 9.8, 4.4, 2.2, 3.6, 3.0, 5.9, 2.9, 8.5, 7.1, 5.4, 2.2, 4.8, 3.0, 3.4, 9.0, 6.5, 6.4, 11.7, 9.5, 8.9, 4.1, 5.1, 7.4, 8.6, 7.3, 13.1, 12.1, 10.4, 5.2, 5.0, 2.8, 3.7, 8.7, 5.7, 5.3, 5.7, 4.0, 6.2, 10.6, 8.7, 9.6, 14.4, 6.7, 9.1, 6.3, 5.0, 11.7, 10.5, 9.1, 10.2, 14.2, 4.9, 5.7, 10.9, 2.3, 8.1, 7.6, 6.6, 11.3, 3.3, 7.3, 2.4, 0.0]
[0.0, 0.0, 0.0, 0.0, 0.0, 0.0, 0.0, 0.0, 0.0, 6.9, 5.3, 4.5, 5.3, 3.4, 6.6, 11.1, 9.5, 9.8, 4.4, 2.2, 3.6, 3.0, 5.9, 2.9, 8.5, 7.1, 5.4, 2.2, 4.8, 3.0, 3.4, 9.0, 6.5, 6.4, 11.7, 9.5, 8.9, 4.1, 5.1, 7.4, 8.6, 7.3, 13.1, 12.1, 10.4, 5.2, 5.0, 2.8, 3.7, 8.7, 5.7, 5.3, 5.7, 4.0, 6.2, 10.6, 8.7, 9.6, 14.4, 6.7, 9.1, 6.3, 5.0, 11.7, 10.5, 9.1, 10.2, 14.2, 4.9, 5.7, 10.9, 2.3, 8.1, 7.6, 6.6, 11.3, 3.3, 7.3, 2.4, 8.7]
[0.0, 0.0, 0.0, 0.0, 0.0, 0.0, 0.0, 0.0, 0.0, 2.2, 5.3, 4.5, 5.3, 3.4, 6.6, 11.1, 9.5, 9.8, 4.4, 6.9, 3.6, 3.0, 5.9, 2.9, 8.5, 7.1, 5.4, 2.2, 4.8, 3.0, 3.4, 9.0, 6.5, 6.4, 11.7, 9.5, 8.9, 4.1, 5.1, 7.4, 8.6, 7.3, 13.1, 12.1, 10.4, 5.2, 5.0, 2.8, 3.7, 8.7, 5.7, 5.3, 5.7, 4.0, 6.2, 10.6, 8.7, 9.6, 14.4, 6.7, 9.1, 6.3, 5.0, 11.7, 10.5, 9.1, 10.2, 14.2, 4.9, 5.7, 10.9, 2.3, 8.1, 7.6, 6.6, 11.3, 3.3, 7.3, 2.4, 8.7]
[0.0, 0.0, 0.0, 0.0, 0.0, 0.0, 0.0, 0.0, 0.0, 2.2, 2.2, 4.5, 5.3, 3.4, 6.6, 11.1, 9.5, 9.8, 4.4, 6.9, 3.6, 3.0, 5.9, 2.9, 8.5, 7.1, 5.4, 5.3, 4.8, 3.0, 3.4, 9.0, 6.5, 6.4, 11.7, 9.5, 8.9, 4.1, 5.1, 7.4, 8.6, 7.3, 13.1, 12.1, 10.4, 5.2, 5.0, 2.8, 3.7, 8.7, 5.7, 5.3, 5.7, 4.0, 6.2, 10.6, 8.7, 9.6, 14.4, 6.7, 9.1, 6.3, 5.0, 11.7, 10.5, 9.1, 10.2, 14.2, 4.9, 5.7, 10.9, 2.3, 8.1, 7.6, 6.6, 11.3, 3.3, 7.3, 2.4, 8.7]
[0.0, 0.0, 0.0, 0.0, 0.0, 0.0, 0.0, 0.0, 0.0, 2.2, 2.2, 2.3, 5.3, 3.4, 6.6, 11.1, 9.5, 9.8, 4.4, 6.9, 3.6, 3.0, 5.9, 2.9, 8.5, 7.1, 5.4, 5.3, 4.8, 3.0, 3.4, 9.0, 6.5, 6.4, 11.7, 9.5, 8.9, 4.1, 5.1, 7.4, 8.6, 7.3, 13.1, 12.1, 10.4, 5.2, 5.0, 2.8, 3.7, 8.7, 5.7, 5.3, 5.7, 4.0, 6.2, 10.6, 8.7, 9.6, 14.4, 6.7, 9.1, 6.3, 5.0, 11.7, 10.5, 9.1, 10.2, 14.2, 4.9, 5.7, 10.9, 4.5, 8.1, 7.6, 6.6, 11.3, 3.3, 7.3, 2.4, 8.7]
[0.0, 0.0, 0.0, 0.0, 0.0, 0.0, 0.0, 0.0, 0.0, 2.2, 2.2, 2.3, 2.4, 3.4, 6.6, 11.1, 9.5, 9.8, 4.4, 6.9, 3.6, 3.0, 5.9, 2.9, 8.5, 7.1, 5.4, 5.3, 4.8, 3.0, 3.4, 9.0, 6.5, 6.4, 11.7, 9.5, 8.9, 4.1, 5.1, 7.4, 8.6, 7.3, 13.1, 12.1, 10.4, 5.2, 5.0, 2.8, 3.7, 8.7, 5.7, 5.3, 5.7, 4.0, 6.2, 10.6, 8.7, 9.6, 14.4, 6.7, 9.1, 6.3, 5.0, 11.7, 10.5, 9.1, 10.2, 14.2, 4.9, 5.7, 10.9, 4.5, 8.1, 7.6, 6.6, 11.3, 3.3, 7.3, 5.3, 8.7]
[0.0, 0.0, 0.0, 0.0, 0.0, 0.0, 0.0, 0.0, 0.0, 2.2, 2.2, 2.3, 2.4, 2.8, 6.6, 11.1, 9.5, 9.8, 4.4, 6.9, 3.6, 3.0, 5.9, 2.9, 8.5, 7.1, 5.4, 5.3, 4.8, 3.0, 3.4, 9.0, 6.5, 6.4, 11.7, 9.5, 8.9, 4.1, 5.1, 7.4, 8.6, 7.3, 13.1, 12.1, 10.4, 5.2, 5.0, 3.4, 3.7, 8.7, 5.7, 5.3, 5.7, 4.0, 6.2, 10.6, 8.7, 9.6, 14.4, 6.7, 9.1, 6.3, 5.0, 11.7, 10.5, 9.1, 10.2, 14.2, 4.9, 5.7, 10.9, 4.5, 8.1, 7.6, 6.6, 11.3, 3.3, 7.3, 5.3, 8.7]
[0.0, 0.0, 0.0, 0.0, 0.0, 0.0, 0.0, 0.0, 0.0, 2.2, 2.2, 2.3, 2.4, 2.8, 2.9, 11.1, 9.5, 9.8, 4.4, 6.9, 3.6, 3.0, 5.9, 6.6, 8.5, 7.1, 5.4, 5.3, 4.8, 3.0, 3.4, 9.0, 6.5, 6.4, 11.7, 9.5, 8.9, 4.1, 5.1, 7.4, 8.6, 7.3, 13.1, 12.1, 10.4, 5.2, 5.0, 3.4, 3.7, 8.7, 5.7, 5.3, 5.7, 4.0, 6.2, 10.6, 8.7, 9.6, 14.4, 6.7, 9.1, 6.3, 5.0, 11.7, 10.5, 9.1, 10.2, 14.2, 4.9, 5.7, 10.9, 4.5, 8.1, 7.6, 6.6, 11.3, 3.3, 7.3, 5.3, 8.7]
[0.0, 0.0, 0.0, 0.0, 0.0, 0.0, 0.0, 0.0, 0.0, 2.2, 2.2, 2.3, 2.4, 2.8, 2.9, 3.0, 9.5, 9.8, 4.4, 6.9, 3.6, 11.1, 5.9, 6.6, 8.5, 7.1, 5.4, 5.3, 4.8, 3.0, 3.4, 9.0, 6.5, 6.4, 11.7, 9.5, 8.9, 4.1, 5.1, 7.4, 8.6, 7.3, 13.1, 12.1, 10.4, 5.2, 5.0, 3.4, 3.7, 8.7, 5.7, 5.3, 5.7, 4.0, 6.2, 10.6, 8.7, 9.6, 14.4, 6.7, 9.1, 6.3, 5.0, 11.7, 10.5, 9.1, 10.2, 14.2, 4.9, 5.7, 10.9, 4.5, 8.1, 7.6, 6.6, 11.3, 3.3, 7.3, 5.3, 8.7]
[0.0, 0.0, 0.0, 0.0, 0.0, 0.0, 0.0, 0.0, 0.0, 2.2, 2.2, 2.3, 2.4, 2.8, 2.9, 3.0, 3.0, 9.8, 4.4, 6.9, 3.6, 11.1, 5.9, 6.6, 8.5, 7.1, 5.4, 5.3, 4.8, 9.5, 3.4, 9.0, 6.5, 6.4, 11.7, 9.5, 8.9, 4.1, 5.1, 7.4, 8.6, 7.3, 13.1, 12.1, 10.4, 5.2, 5.0, 3.4, 3.7, 8.7, 5.7, 5.3, 5.7, 4.0, 6.2, 10.6, 8.7, 9.6, 14.4, 6.7, 9.1, 6.3, 5.0, 11.7, 10.5, 9.1, 10.2, 14.2, 4.9, 5.7, 10.9, 4.5, 8.1, 7.6, 6.6, 11.3, 3.3, 7.3, 5.3, 8.7]
[0.0, 0.0, 0.0, 0.0, 0.0, 0.0, 0.0, 0.0, 0.0, 2.2, 2.2, 2.3, 2.4, 2.8, 2.9, 3.0, 3.0, 3.3, 4.4, 6.9, 3.6, 11.1, 5.9, 6.6, 8.5, 7.1, 5.4, 5.3, 4.8, 9.5, 3.4, 9.0, 6.5, 6.4, 11.7, 9.5, 8.9, 4.1, 5.1, 7.4, 8.6, 7.3, 13.1, 12.1, 10.4, 5.2, 5.0, 3.4, 3.7, 8.7, 5.7, 5.3, 5.7, 4.0, 6.2, 10.6, 8.7, 9.6, 14.4, 6.7, 9.1, 6.3, 5.0, 11.7, 10.5, 9.1, 10.2, 14.2, 4.9, 5.7, 10.9, 4.5, 8.1, 7.6, 6.6, 11.3, 9.8, 7.3, 5.3, 8.7]
[0.0, 0.0, 0.0, 0.0, 0.0, 0.0, 0.0, 0.0, 0.0, 2.2, 2.2, 2.3, 2.4, 2.8, 2.9, 3.0, 3.0, 3.3, 3.4, 6.9, 3.6, 11.1, 5.9, 6.6, 8.5, 7.1, 5.4, 5.3, 4.8, 9.5, 4.4, 9.0, 6.5, 6.4, 11.7, 9.5, 8.9, 4.1, 5.1, 7.4, 8.6, 7.3, 13.1, 12.1, 10.4, 5.2, 5.0, 3.4, 3.7, 8.7, 5.7, 5.3, 5.7, 4.0, 6.2, 10.6, 8.7, 9.6, 14.4, 6.7, 9.1, 6.3, 5.0, 11.7, 10.5, 9.1, 10.2, 14.2, 4.9, 5.7, 10.9, 4.5, 8.1, 7.6, 6.6, 11.3, 9.8, 7.3, 5.3, 8.7]
[0.0, 0.0, 0.0, 0.0, 0.0, 0.0, 0.0, 0.0, 0.0, 2.2, 2.2, 2.3, 2.4, 2.8, 2.9, 3.0, 3.0, 3.3, 3.4, 3.4, 3.6, 11.1, 5.9, 6.6, 8.5, 7.1, 5.4, 5.3, 4.8, 9.5, 4.4, 9.0, 6.5, 6.4, 11.7, 9.5, 8.9, 4.1, 5.1, 7.4, 8.6, 7.3, 13.1, 12.1, 10.4, 5.2, 5.0, 6.9, 3.7, 8.7, 5.7, 5.3, 5.7, 4.0, 6.2, 10.6, 8.7, 9.6, 14.4, 6.7, 9.1, 6.3, 5.0, 11.7, 10.5, 9.1, 10.2, 14.2, 4.9, 5.7, 10.9, 4.5, 8.1, 7.6, 6.6, 11.3, 9.8, 7.3, 5.3, 8.7]
[0.0, 0.0, 0.0, 0.0, 0.0, 0.0, 0.0, 0.0, 0.0, 2.2, 2.2, 2.3, 2.4, 2.8, 2.9, 3.0, 3.0, 3.3, 3.4, 3.4, 3.6, 3.7, 5.9, 6.6, 8.5, 7.1, 5.4, 5.3, 4.8, 9.5, 4.4, 9.0, 6.5, 6.4, 11.7, 9.5, 8.9, 4.1, 5.1, 7.4, 8.6, 7.3, 13.1, 12.1, 10.4, 5.2, 5.0, 6.9, 11.1, 8.7, 5.7, 5.3, 5.7, 4.0, 6.2, 10.6, 8.7, 9.6, 14.4, 6.7, 9.1, 6.3, 5.0, 11.7, 10.5, 9.1, 10.2, 14.2, 4.9, 5.7, 10.9, 4.5, 8.1, 7.6, 6.6, 11.3, 9.8, 7.3, 5.3, 8.7]
[0.0, 0.0, 0.0, 0.0, 0.0, 0.0, 0.0, 0.0, 0.0, 2.2, 2.2, 2.3, 2.4, 2.8, 2.9, 3.0, 3.0, 3.3, 3.4, 3.4, 3.6, 3.7, 4.0, 6.6, 8.5, 7.1, 5.4, 5.3, 4.8, 9.5, 4.4, 9.0, 6.5, 6.4, 11.7, 9.5, 8.9, 4.1, 5.1, 7.4, 8.6, 7.3, 13.1, 12.1, 10.4, 5.2, 5.0, 6.9, 11.1, 8.7, 5.7, 5.3, 5.7, 5.9, 6.2, 10.6, 8.7, 9.6, 14.4, 6.7, 9.1, 6.3, 5.0, 11.7, 10.5, 9.1, 10.2, 14.2, 4.9, 5.7, 10.9, 4.5, 8.1, 7.6, 6.6, 11.3, 9.8, 7.3, 5.3, 8.7]
[0.0, 0.0, 0.0, 0.0, 0.0, 0.0, 0.0, 0.0, 0.0, 2.2, 2.2, 2.3, 2.4, 2.8, 2.9, 3.0, 3.0, 3.3, 3.4, 3.4, 3.6, 3.7, 4.0, 4.1, 8.5, 7.1, 5.4, 5.3, 4.8, 9.5, 4.4, 9.0, 6.5, 6.4, 11.7, 9.5, 8.9, 6.6, 5.1, 7.4, 8.6, 7.3, 13.1, 12.1, 10.4, 5.2, 5.0, 6.9, 11.1, 8.7, 5.7, 5.3, 5.7, 5.9, 6.2, 10.6, 8.7, 9.6, 14.4, 6.7, 9.1, 6.3, 5.0, 11.7, 10.5, 9.1, 10.2, 14.2, 4.9, 5.7, 10.9, 4.5, 8.1, 7.6, 6.6, 11.3, 9.8, 7.3, 5.3, 8.7]
[0.0, 0.0, 0.0, 0.0, 0.0, 0.0, 0.0, 0.0, 0.0, 2.2, 2.2, 2.3, 2.4, 2.8, 2.9, 3.0, 3.0, 3.3, 3.4, 3.4, 3.6, 3.7, 4.0, 4.1, 4.4, 7.1, 5.4, 5.3, 4.8, 9.5, 8.5, 9.0, 6.5, 6.4, 11.7, 9.5, 8.9, 6.6, 5.1, 7.4, 8.6, 7.3, 13.1, 12.1, 10.4, 5.2, 5.0, 6.9, 11.1, 8.7, 5.7, 5.3, 5.7, 5.9, 6.2, 10.6, 8.7, 9.6, 14.4, 6.7, 9.1, 6.3, 5.0, 11.7, 10.5, 9.1, 10.2, 14.2, 4.9, 5.7, 10.9, 4.5, 8.1, 7.6, 6.6, 11.3, 9.8, 7.3, 5.3, 8.7]
[0.0, 0.0, 0.0, 0.0, 0.0, 0.0, 0.0, 0.0, 0.0, 2.2, 2.2, 2.3, 2.4, 2.8, 2.9, 3.0, 3.0, 3.3, 3.4, 3.4, 3.6, 3.7, 4.0, 4.1, 4.4, 4.5, 5.4, 5.3, 4.8, 9.5, 8.5, 9.0, 6.5, 6.4, 11.7, 9.5, 8.9, 6.6, 5.1, 7.4, 8.6, 7.3, 13.1, 12.1, 10.4, 5.2, 5.0, 6.9, 11.1, 8.7, 5.7, 5.3, 5.7, 5.9, 6.2, 10.6, 8.7, 9.6, 14.4, 6.7, 9.1, 6.3, 5.0, 11.7, 10.5, 9.1, 10.2, 14.2, 4.9, 5.7, 10.9, 7.1, 8.1, 7.6, 6.6, 11.3, 9.8, 7.3, 5.3, 8.7]
[0.0, 0.0, 0.0, 0.0, 0.0, 0.0, 0.0, 0.0, 0.0, 2.2, 2.2, 2.3, 2.4, 2.8, 2.9, 3.0, 3.0, 3.3, 3.4, 3.4, 3.6, 3.7, 4.0, 4.1, 4.4, 4.5, 4.8, 5.3, 5.4, 9.5, 8.5, 9.0, 6.5, 6.4, 11.7, 9.5, 8.9, 6.6, 5.1, 7.4, 8.6, 7.3, 13.1, 12.1, 10.4, 5.2, 5.0, 6.9, 11.1, 8.7, 5.7, 5.3, 5.7, 5.9, 6.2, 10.6, 8.7, 9.6, 14.4, 6.7, 9.1, 6.3, 5.0, 11.7, 10.5, 9.1, 10.2, 14.2, 4.9, 5.7, 10.9, 7.1, 8.1, 7.6, 6.6, 11.3, 9.8, 7.3, 5.3, 8.7]
[0.0, 0.0, 0.0, 0.0, 0.0, 0.0, 0.0, 0.0, 0.0, 2.2, 2.2, 2.3, 2.4, 2.8, 2.9, 3.0, 3.0, 3.3, 3.4, 3.4, 3.6, 3.7, 4.0, 4.1, 4.4, 4.5, 4.8, 4.9, 5.4, 9.5, 8.5, 9.0, 6.5, 6.4, 11.7, 9.5, 8.9, 6.6, 5.1, 7.4, 8.6, 7.3, 13.1, 12.1, 10.4, 5.2, 5.0, 6.9, 11.1, 8.7, 5.7, 5.3, 5.7, 5.9, 6.2, 10.6, 8.7, 9.6, 14.4, 6.7, 9.1, 6.3, 5.0, 11.7, 10.5, 9.1, 10.2, 14.2, 5.3, 5.7, 10.9, 7.1, 8.1, 7.6, 6.6, 11.3, 9.8, 7.3, 5.3, 8.7]
[0.0, 0.0, 0.0, 0.0, 0.0, 0.0, 0.0, 0.0, 0.0, 2.2, 2.2, 2.3, 2.4, 2.8, 2.9, 3.0, 3.0, 3.3, 3.4, 3.4, 3.6, 3.7, 4.0, 4.1, 4.4, 4.5, 4.8, 4.9, 5.0, 9.5, 8.5, 9.0, 6.5, 6.4, 11.7, 9.5, 8.9, 6.6, 5.1, 7.4, 8.6, 7.3, 13.1, 12.1, 10.4, 5.2, 5.4, 6.9, 11.1, 8.7, 5.7, 5.3, 5.7, 5.9, 6.2, 10.6, 8.7, 9.6, 14.4, 6.7, 9.1, 6.3, 5.0, 11.7, 10.5, 9.1, 10.2, 14.2, 5.3, 5.7, 10.9, 7.1, 8.1, 7.6, 6.6, 11.3, 9.8, 7.3, 5.3, 8.7]
[0.0, 0.0, 0.0, 0.0, 0.0, 0.0, 0.0, 0.0, 0.0, 2.2, 2.2, 2.3, 2.4, 2.8, 2.9, 3.0, 3.0, 3.3, 3.4, 3.4, 3.6, 3.7, 4.0, 4.1, 4.4, 4.5, 4.8, 4.9, 5.0, 5.0, 8.5, 9.0, 6.5, 6.4, 11.7, 9.5, 8.9, 6.6, 5.1, 7.4, 8.6, 7.3, 13.1, 12.1, 10.4, 5.2, 5.4, 6.9, 11.1, 8.7, 5.7, 5.3, 5.7, 5.9, 6.2, 10.6, 8.7, 9.6, 14.4, 6.7, 9.1, 6.3, 9.5, 11.7, 10.5, 9.1, 10.2, 14.2, 5.3, 5.7, 10.9, 7.1, 8.1, 7.6, 6.6, 11.3, 9.8, 7.3, 5.3, 8.7]
[0.0, 0.0, 0.0, 0.0, 0.0, 0.0, 0.0, 0.0, 0.0, 2.2, 2.2, 2.3, 2.4, 2.8, 2.9, 3.0, 3.0, 3.3, 3.4, 3.4, 3.6, 3.7, 4.0, 4.1, 4.4, 4.5, 4.8, 4.9, 5.0, 5.0, 5.1, 9.0, 6.5, 6.4, 11.7, 9.5, 8.9, 6.6, 8.5, 7.4, 8.6, 7.3, 13.1, 12.1, 10.4, 5.2, 5.4, 6.9, 11.1, 8.7, 5.7, 5.3, 5.7, 5.9, 6.2, 10.6, 8.7, 9.6, 14.4, 6.7, 9.1, 6.3, 9.5, 11.7, 10.5, 9.1, 10.2, 14.2, 5.3, 5.7, 10.9, 7.1, 8.1, 7.6, 6.6, 11.3, 9.8, 7.3, 5.3, 8.7]
[0.0, 0.0, 0.0, 0.0, 0.0, 0.0, 0.0, 0.0, 0.0, 2.2, 2.2, 2.3, 2.4, 2.8, 2.9, 3.0, 3.0, 3.3, 3.4, 3.4, 3.6, 3.7, 4.0, 4.1, 4.4, 4.5, 4.8, 4.9, 5.0, 5.0, 5.1, 5.2, 6.5, 6.4, 11.7, 9.5, 8.9, 6.6, 8.5, 7.4, 8.6, 7.3, 13.1, 12.1, 10.4, 9.0, 5.4, 6.9, 11.1, 8.7, 5.7, 5.3, 5.7, 5.9, 6.2, 10.6, 8.7, 9.6, 14.4, 6.7, 9.1, 6.3, 9.5, 11.7, 10.5, 9.1, 10.2, 14.2, 5.3, 5.7, 10.9, 7.1, 8.1, 7.6, 6.6, 11.3, 9.8, 7.3, 5.3, 8.7]
[0.0, 0.0, 0.0, 0.0, 0.0, 0.0, 0.0, 0.0, 0.0, 2.2, 2.2, 2.3, 2.4, 2.8, 2.9, 3.0, 3.0, 3.3, 3.4, 3.4, 3.6, 3.7, 4.0, 4.1, 4.4, 4.5, 4.8, 4.9, 5.0, 5.0, 5.1, 5.2, 5.3, 6.4, 11.7, 9.5, 8.9, 6.6, 8.5, 7.4, 8.6, 7.3, 13.1, 12.1, 10.4, 9.0, 5.4, 6.9, 11.1, 8.7, 5.7, 6.5, 5.7, 5.9, 6.2, 10.6, 8.7, 9.6, 14.4, 6.7, 9.1, 6.3, 9.5, 11.7, 10.5, 9.1, 10.2, 14.2, 5.3, 5.7, 10.9, 7.1, 8.1, 7.6, 6.6, 11.3, 9.8, 7.3, 5.3, 8.7]
[0.0, 0.0, 0.0, 0.0, 0.0, 0.0, 0.0, 0.0, 0.0, 2.2, 2.2, 2.3, 2.4, 2.8, 2.9, 3.0, 3.0, 3.3, 3.4, 3.4, 3.6, 3.7, 4.0, 4.1, 4.4, 4.5, 4.8, 4.9, 5.0, 5.0, 5.1, 5.2, 5.3, 5.3, 11.7, 9.5, 8.9, 6.6, 8.5, 7.4, 8.6, 7.3, 13.1, 12.1, 10.4, 9.0, 5.4, 6.9, 11.1, 8.7, 5.7, 6.5, 5.7, 5.9, 6.2, 10.6, 8.7, 9.6, 14.4, 6.7, 9.1, 6.3, 9.5, 11.7, 10.5, 9.1, 10.2, 14.2, 6.4, 5.7, 10.9, 7.1, 8.1, 7.6, 6.6, 11.3, 9.8, 7.3, 5.3, 8.7]
[0.0, 0.0, 0.0, 0.0, 0.0, 0.0, 0.0, 0.0, 0.0, 2.2, 2.2, 2.3, 2.4, 2.8, 2.9, 3.0, 3.0, 3.3, 3.4, 3.4, 3.6, 3.7, 4.0, 4.1, 4.4, 4.5, 4.8, 4.9, 5.0, 5.0, 5.1, 5.2, 5.3, 5.3, 5.3, 9.5, 8.9, 6.6, 8.5, 7.4, 8.6, 7.3, 13.1, 12.1, 10.4, 9.0, 5.4, 6.9, 11.1, 8.7, 5.7, 6.5, 5.7, 5.9, 6.2, 10.6, 8.7, 9.6, 14.4, 6.7, 9.1, 6.3, 9.5, 11.7, 10.5, 9.1, 10.2, 14.2, 6.4, 5.7, 10.9, 7.1, 8.1, 7.6, 6.6, 11.3, 9.8, 7.3, 11.7, 8.7]
[0.0, 0.0, 0.0, 0.0, 0.0, 0.0, 0.0, 0.0, 0.0, 2.2, 2.2, 2.3, 2.4, 2.8, 2.9, 3.0, 3.0, 3.3, 3.4, 3.4, 3.6, 3.7, 4.0, 4.1, 4.4, 4.5, 4.8, 4.9, 5.0, 5.0, 5.1, 5.2, 5.3, 5.3, 5.3, 5.4, 8.9, 6.6, 8.5, 7.4, 8.6, 7.3, 13.1, 12.1, 10.4, 9.0, 9.5, 6.9, 11.1, 8.7, 5.7, 6.5, 5.7, 5.9, 6.2, 10.6, 8.7, 9.6, 14.4, 6.7, 9.1, 6.3, 9.5, 11.7, 10.5, 9.1, 10.2, 14.2, 6.4, 5.7, 10.9, 7.1, 8.1, 7.6, 6.6, 11.3, 9.8, 7.3, 11.7, 8.7]
[0.0, 0.0, 0.0, 0.0, 0.0, 0.0, 0.0, 0.0, 0.0, 2.2, 2.2, 2.3, 2.4, 2.8, 2.9, 3.0, 3.0, 3.3, 3.4, 3.4, 3.6, 3.7, 4.0, 4.1, 4.4, 4.5, 4.8, 4.9, 5.0, 5.0, 5.1, 5.2, 5.3, 5.3, 5.3, 5.4, 5.7, 6.6, 8.5, 7.4, 8.6, 7.3, 13.1, 12.1, 10.4, 9.0, 9.5, 6.9, 11.1, 8.7, 8.9, 6.5, 5.7, 5.9, 6.2, 10.6, 8.7, 9.6, 14.4, 6.7, 9.1, 6.3, 9.5, 11.7, 10.5, 9.1, 10.2, 14.2, 6.4, 5.7, 10.9, 7.1, 8.1, 7.6, 6.6, 11.3, 9.8, 7.3, 11.7, 8.7]
[0.0, 0.0, 0.0, 0.0, 0.0, 0.0, 0.0, 0.0, 0.0, 2.2, 2.2, 2.3, 2.4, 2.8, 2.9, 3.0, 3.0, 3.3, 3.4, 3.4, 3.6, 3.7, 4.0, 4.1, 4.4, 4.5, 4.8, 4.9, 5.0, 5.0, 5.1, 5.2, 5.3, 5.3, 5.3, 5.4, 5.7, 5.7, 8.5, 7.4, 8.6, 7.3, 13.1, 12.1, 10.4, 9.0, 9.5, 6.9, 11.1, 8.7, 8.9, 6.5, 6.6, 5.9, 6.2, 10.6, 8.7, 9.6, 14.4, 6.7, 9.1, 6.3, 9.5, 11.7, 10.5, 9.1, 10.2, 14.2, 6.4, 5.7, 10.9, 7.1, 8.1, 7.6, 6.6, 11.3, 9.8, 7.3, 11.7, 8.7]
[0.0, 0.0, 0.0, 0.0, 0.0, 0.0, 0.0, 0.0, 0.0, 2.2, 2.2, 2.3, 2.4, 2.8, 2.9, 3.0, 3.0, 3.3, 3.4, 3.4, 3.6, 3.7, 4.0, 4.1, 4.4, 4.5, 4.8, 4.9, 5.0, 5.0, 5.1, 5.2, 5.3, 5.3, 5.3, 5.4, 5.7, 5.7, 5.7, 7.4, 8.6, 7.3, 13.1, 12.1, 10.4, 9.0, 9.5, 6.9, 11.1, 8.7, 8.9, 6.5, 6.6, 5.9, 6.2, 10.6, 8.7, 9.6, 14.4, 6.7, 9.1, 6.3, 9.5, 11.7, 10.5, 9.1, 10.2, 14.2, 6.4, 8.5, 10.9, 7.1, 8.1, 7.6, 6.6, 11.3, 9.8, 7.3, 11.7, 8.7]
[0.0, 0.0, 0.0, 0.0, 0.0, 0.0, 0.0, 0.0, 0.0, 2.2, 2.2, 2.3, 2.4, 2.8, 2.9, 3.0, 3.0, 3.3, 3.4, 3.4, 3.6, 3.7, 4.0, 4.1, 4.4, 4.5, 4.8, 4.9, 5.0, 5.0, 5.1, 5.2, 5.3, 5.3, 5.3, 5.4, 5.7, 5.7, 5.7, 5.9, 8.6, 7.3, 13.1, 12.1, 10.4, 9.0, 9.5, 6.9, 11.1, 8.7, 8.9, 6.5, 6.6, 7.4, 6.2, 10.6, 8.7, 9.6, 14.4, 6.7, 9.1, 6.3, 9.5, 11.7, 10.5, 9.1, 10.2, 14.2, 6.4, 8.5, 10.9, 7.1, 8.1, 7.6, 6.6, 11.3, 9.8, 7.3, 11.7, 8.7]
[0.0, 0.0, 0.0, 0.0, 0.0, 0.0, 0.0, 0.0, 0.0, 2.2, 2.2, 2.3, 2.4, 2.8, 2.9, 3.0, 3.0, 3.3, 3.4, 3.4, 3.6, 3.7, 4.0, 4.1, 4.4, 4.5, 4.8, 4.9, 5.0, 5.0, 5.1, 5.2, 5.3, 5.3, 5.3, 5.4, 5.7, 5.7, 5.7, 5.9, 6.2, 7.3, 13.1, 12.1, 10.4, 9.0, 9.5, 6.9, 11.1, 8.7, 8.9, 6.5, 6.6, 7.4, 8.6, 10.6, 8.7, 9.6, 14.4, 6.7, 9.1, 6.3, 9.5, 11.7, 10.5, 9.1, 10.2, 14.2, 6.4, 8.5, 10.9, 7.1, 8.1, 7.6, 6.6, 11.3, 9.8, 7.3, 11.7, 8.7]
[0.0, 0.0, 0.0, 0.0, 0.0, 0.0, 0.0, 0.0, 0.0, 2.2, 2.2, 2.3, 2.4, 2.8, 2.9, 3.0, 3.0, 3.3, 3.4, 3.4, 3.6, 3.7, 4.0, 4.1, 4.4, 4.5, 4.8, 4.9, 5.0, 5.0, 5.1, 5.2, 5.3, 5.3, 5.3, 5.4, 5.7, 5.7, 5.7, 5.9, 6.2, 6.3, 13.1, 12.1, 10.4, 9.0, 9.5, 6.9, 11.1, 8.7, 8.9, 6.5, 6.6, 7.4, 8.6, 10.6, 8.7, 9.6, 14.4, 6.7, 9.1, 7.3, 9.5, 11.7, 10.5, 9.1, 10.2, 14.2, 6.4, 8.5, 10.9, 7.1, 8.1, 7.6, 6.6, 11.3, 9.8, 7.3, 11.7, 8.7]
[0.0, 0.0, 0.0, 0.0, 0.0, 0.0, 0.0, 0.0, 0.0, 2.2, 2.2, 2.3, 2.4, 2.8, 2.9, 3.0, 3.0, 3.3, 3.4, 3.4, 3.6, 3.7, 4.0, 4.1, 4.4, 4.5, 4.8, 4.9, 5.0, 5.0, 5.1, 5.2, 5.3, 5.3, 5.3, 5.4, 5.7, 5.7, 5.7, 5.9, 6.2, 6.3, 6.4, 12.1, 10.4, 9.0, 9.5, 6.9, 11.1, 8.7, 8.9, 6.5, 6.6, 7.4, 8.6, 10.6, 8.7, 9.6, 14.4, 6.7, 9.1, 7.3, 9.5, 11.7, 10.5, 9.1, 10.2, 14.2, 13.1, 8.5, 10.9, 7.1, 8.1, 7.6, 6.6, 11.3, 9.8, 7.3, 11.7, 8.7]
[0.0, 0.0, 0.0, 0.0, 0.0, 0.0, 0.0, 0.0, 0.0, 2.2, 2.2, 2.3, 2.4, 2.8, 2.9, 3.0, 3.0, 3.3, 3.4, 3.4, 3.6, 3.7, 4.0, 4.1, 4.4, 4.5, 4.8, 4.9, 5.0, 5.0, 5.1, 5.2, 5.3, 5.3, 5.3, 5.4, 5.7, 5.7, 5.7, 5.9, 6.2, 6.3, 6.4, 6.5, 10.4, 9.0, 9.5, 6.9, 11.1, 8.7, 8.9, 12.1, 6.6, 7.4, 8.6, 10.6, 8.7, 9.6, 14.4, 6.7, 9.1, 7.3, 9.5, 11.7, 10.5, 9.1, 10.2, 14.2, 13.1, 8.5, 10.9, 7.1, 8.1, 7.6, 6.6, 11.3, 9.8, 7.3, 11.7, 8.7]
[0.0, 0.0, 0.0, 0.0, 0.0, 0.0, 0.0, 0.0, 0.0, 2.2, 2.2, 2.3, 2.4, 2.8, 2.9, 3.0, 3.0, 3.3, 3.4, 3.4, 3.6, 3.7, 4.0, 4.1, 4.4, 4.5, 4.8, 4.9, 5.0, 5.0, 5.1, 5.2, 5.3, 5.3, 5.3, 5.4, 5.7, 5.7, 5.7, 5.9, 6.2, 6.3, 6.4, 6.5, 6.6, 9.0, 9.5, 6.9, 11.1, 8.7, 8.9, 12.1, 10.4, 7.4, 8.6, 10.6, 8.7, 9.6, 14.4, 6.7, 9.1, 7.3, 9.5, 11.7, 10.5, 9.1, 10.2, 14.2, 13.1, 8.5, 10.9, 7.1, 8.1, 7.6, 6.6, 11.3, 9.8, 7.3, 11.7, 8.7]
[0.0, 0.0, 0.0, 0.0, 0.0, 0.0, 0.0, 0.0, 0.0, 2.2, 2.2, 2.3, 2.4, 2.8, 2.9, 3.0, 3.0, 3.3, 3.4, 3.4, 3.6, 3.7, 4.0, 4.1, 4.4, 4.5, 4.8, 4.9, 5.0, 5.0, 5.1, 5.2, 5.3, 5.3, 5.3, 5.4, 5.7, 5.7, 5.7, 5.9, 6.2, 6.3, 6.4, 6.5, 6.6, 6.6, 9.5, 6.9, 11.1, 8.7, 8.9, 12.1, 10.4, 7.4, 8.6, 10.6, 8.7, 9.6, 14.4, 6.7, 9.1, 7.3, 9.5, 11.7, 10.5, 9.1, 10.2, 14.2, 13.1, 8.5, 10.9, 7.1, 8.1, 7.6, 9.0, 11.3, 9.8, 7.3, 11.7, 8.7]
[0.0, 0.0, 0.0, 0.0, 0.0, 0.0, 0.0, 0.0, 0.0, 2.2, 2.2, 2.3, 2.4, 2.8, 2.9, 3.0, 3.0, 3.3, 3.4, 3.4, 3.6, 3.7, 4.0, 4.1, 4.4, 4.5, 4.8, 4.9, 5.0, 5.0, 5.1, 5.2, 5.3, 5.3, 5.3, 5.4, 5.7, 5.7, 5.7, 5.9, 6.2, 6.3, 6.4, 6.5, 6.6, 6.6, 6.7, 6.9, 11.1, 8.7, 8.9, 12.1, 10.4, 7.4, 8.6, 10.6, 8.7, 9.6, 14.4, 9.5, 9.1, 7.3, 9.5, 11.7, 10.5, 9.1, 10.2, 14.2, 13.1, 8.5, 10.9, 7.1, 8.1, 7.6, 9.0, 11.3, 9.8, 7.3, 11.7, 8.7]
[0.0, 0.0, 0.0, 0.0, 0.0, 0.0, 0.0, 0.0, 0.0, 2.2, 2.2, 2.3, 2.4, 2.8, 2.9, 3.0, 3.0, 3.3, 3.4, 3.4, 3.6, 3.7, 4.0, 4.1, 4.4, 4.5, 4.8, 4.9, 5.0, 5.0, 5.1, 5.2, 5.3, 5.3, 5.3, 5.4, 5.7, 5.7, 5.7, 5.9, 6.2, 6.3, 6.4, 6.5, 6.6, 6.6, 6.7, 6.9, 7.1, 8.7, 8.9, 12.1, 10.4, 7.4, 8.6, 10.6, 8.7, 9.6, 14.4, 9.5, 9.1, 7.3, 9.5, 11.7, 10.5, 9.1, 10.2, 14.2, 13.1, 8.5, 10.9, 11.1, 8.1, 7.6, 9.0, 11.3, 9.8, 7.3, 11.7, 8.7]
[0.0, 0.0, 0.0, 0.0, 0.0, 0.0, 0.0, 0.0, 0.0, 2.2, 2.2, 2.3, 2.4, 2.8, 2.9, 3.0, 3.0, 3.3, 3.4, 3.4, 3.6, 3.7, 4.0, 4.1, 4.4, 4.5, 4.8, 4.9, 5.0, 5.0, 5.1, 5.2, 5.3, 5.3, 5.3, 5.4, 5.7, 5.7, 5.7, 5.9, 6.2, 6.3, 6.4, 6.5, 6.6, 6.6, 6.7, 6.9, 7.1, 7.3, 8.9, 12.1, 10.4, 7.4, 8.6, 10.6, 8.7, 9.6, 14.4, 9.5, 9.1, 8.7, 9.5, 11.7, 10.5, 9.1, 10.2, 14.2, 13.1, 8.5, 10.9, 11.1, 8.1, 7.6, 9.0, 11.3, 9.8, 7.3, 11.7, 8.7]
[0.0, 0.0, 0.0, 0.0, 0.0, 0.0, 0.0, 0.0, 0.0, 2.2, 2.2, 2.3, 2.4, 2.8, 2.9, 3.0, 3.0, 3.3, 3.4, 3.4, 3.6, 3.7, 4.0, 4.1, 4.4, 4.5, 4.8, 4.9, 5.0, 5.0, 5.1, 5.2, 5.3, 5.3, 5.3, 5.4, 5.7, 5.7, 5.7, 5.9, 6.2, 6.3, 6.4, 6.5, 6.6, 6.6, 6.7, 6.9, 7.1, 7.3, 7.3, 12.1, 10.4, 7.4, 8.6, 10.6, 8.7, 9.6, 14.4, 9.5, 9.1, 8.7, 9.5, 11.7, 10.5, 9.1, 10.2, 14.2, 13.1, 8.5, 10.9, 11.1, 8.1, 7.6, 9.0, 11.3, 9.8, 8.9, 11.7, 8.7]
[0.0, 0.0, 0.0, 0.0, 0.0, 0.0, 0.0, 0.0, 0.0, 2.2, 2.2, 2.3, 2.4, 2.8, 2.9, 3.0, 3.0, 3.3, 3.4, 3.4, 3.6, 3.7, 4.0, 4.1, 4.4, 4.5, 4.8, 4.9, 5.0, 5.0, 5.1, 5.2, 5.3, 5.3, 5.3, 5.4, 5.7, 5.7, 5.7, 5.9, 6.2, 6.3, 6.4, 6.5, 6.6, 6.6, 6.7, 6.9, 7.1, 7.3, 7.3, 7.4, 10.4, 12.1, 8.6, 10.6, 8.7, 9.6, 14.4, 9.5, 9.1, 8.7, 9.5, 11.7, 10.5, 9.1, 10.2, 14.2, 13.1, 8.5, 10.9, 11.1, 8.1, 7.6, 9.0, 11.3, 9.8, 8.9, 11.7, 8.7]
[0.0, 0.0, 0.0, 0.0, 0.0, 0.0, 0.0, 0.0, 0.0, 2.2, 2.2, 2.3, 2.4, 2.8, 2.9, 3.0, 3.0, 3.3, 3.4, 3.4, 3.6, 3.7, 4.0, 4.1, 4.4, 4.5, 4.8, 4.9, 5.0, 5.0, 5.1, 5.2, 5.3, 5.3, 5.3, 5.4, 5.7, 5.7, 5.7, 5.9, 6.2, 6.3, 6.4, 6.5, 6.6, 6.6, 6.7, 6.9, 7.1, 7.3, 7.3, 7.4, 7.6, 12.1, 8.6, 10.6, 8.7, 9.6, 14.4, 9.5, 9.1, 8.7, 9.5, 11.7, 10.5, 9.1, 10.2, 14.2, 13.1, 8.5, 10.9, 11.1, 8.1, 10.4, 9.0, 11.3, 9.8, 8.9, 11.7, 8.7]
[0.0, 0.0, 0.0, 0.0, 0.0, 0.0, 0.0, 0.0, 0.0, 2.2, 2.2, 2.3, 2.4, 2.8, 2.9, 3.0, 3.0, 3.3, 3.4, 3.4, 3.6, 3.7, 4.0, 4.1, 4.4, 4.5, 4.8, 4.9, 5.0, 5.0, 5.1, 5.2, 5.3, 5.3, 5.3, 5.4, 5.7, 5.7, 5.7, 5.9, 6.2, 6.3, 6.4, 6.5, 6.6, 6.6, 6.7, 6.9, 7.1, 7.3, 7.3, 7.4, 7.6, 8.1, 8.6, 10.6, 8.7, 9.6, 14.4, 9.5, 9.1, 8.7, 9.5, 11.7, 10.5, 9.1, 10.2, 14.2, 13.1, 8.5, 10.9, 11.1, 12.1, 10.4, 9.0, 11.3, 9.8, 8.9, 11.7, 8.7]
[0.0, 0.0, 0.0, 0.0, 0.0, 0.0, 0.0, 0.0, 0.0, 2.2, 2.2, 2.3, 2.4, 2.8, 2.9, 3.0, 3.0, 3.3, 3.4, 3.4, 3.6, 3.7, 4.0, 4.1, 4.4, 4.5, 4.8, 4.9, 5.0, 5.0, 5.1, 5.2, 5.3, 5.3, 5.3, 5.4, 5.7, 5.7, 5.7, 5.9, 6.2, 6.3, 6.4, 6.5, 6.6, 6.6, 6.7, 6.9, 7.1, 7.3, 7.3, 7.4, 7.6, 8.1, 8.5, 10.6, 8.7, 9.6, 14.4, 9.5, 9.1, 8.7, 9.5, 11.7, 10.5, 9.1, 10.2, 14.2, 13.1, 8.6, 10.9, 11.1, 12.1, 10.4, 9.0, 11.3, 9.8, 8.9, 11.7, 8.7]
[0.0, 0.0, 0.0, 0.0, 0.0, 0.0, 0.0, 0.0, 0.0, 2.2, 2.2, 2.3, 2.4, 2.8, 2.9, 3.0, 3.0, 3.3, 3.4, 3.4, 3.6, 3.7, 4.0, 4.1, 4.4, 4.5, 4.8, 4.9, 5.0, 5.0, 5.1, 5.2, 5.3, 5.3, 5.3, 5.4, 5.7, 5.7, 5.7, 5.9, 6.2, 6.3, 6.4, 6.5, 6.6, 6.6, 6.7, 6.9, 7.1, 7.3, 7.3, 7.4, 7.6, 8.1, 8.5, 8.6, 8.7, 9.6, 14.4, 9.5, 9.1, 8.7, 9.5, 11.7, 10.5, 9.1, 10.2, 14.2, 13.1, 10.6, 10.9, 11.1, 12.1, 10.4, 9.0, 11.3, 9.8, 8.9, 11.7, 8.7]
[0.0, 0.0, 0.0, 0.0, 0.0, 0.0, 0.0, 0.0, 0.0, 2.2, 2.2, 2.3, 2.4, 2.8, 2.9, 3.0, 3.0, 3.3, 3.4, 3.4, 3.6, 3.7, 4.0, 4.1, 4.4, 4.5, 4.8, 4.9, 5.0, 5.0, 5.1, 5.2, 5.3, 5.3, 5.3, 5.4, 5.7, 5.7, 5.7, 5.9, 6.2, 6.3, 6.4, 6.5, 6.6, 6.6, 6.7, 6.9, 7.1, 7.3, 7.3, 7.4, 7.6, 8.1, 8.5, 8.6, 8.7, 8.7, 14.4, 9.5, 9.1, 9.6, 9.5, 11.7, 10.5, 9.1, 10.2, 14.2, 13.1, 10.6, 10.9, 11.1, 12.1, 10.4, 9.0, 11.3, 9.8, 8.9, 11.7, 8.7]
[0.0, 0.0, 0.0, 0.0, 0.0, 0.0, 0.0, 0.0, 0.0, 2.2, 2.2, 2.3, 2.4, 2.8, 2.9, 3.0, 3.0, 3.3, 3.4, 3.4, 3.6, 3.7, 4.0, 4.1, 4.4, 4.5, 4.8, 4.9, 5.0, 5.0, 5.1, 5.2, 5.3, 5.3, 5.3, 5.4, 5.7, 5.7, 5.7, 5.9, 6.2, 6.3, 6.4, 6.5, 6.6, 6.6, 6.7, 6.9, 7.1, 7.3, 7.3, 7.4, 7.6, 8.1, 8.5, 8.6, 8.7, 8.7, 8.7, 9.5, 9.1, 9.6, 9.5, 11.7, 10.5, 9.1, 10.2, 14.2, 13.1, 10.6, 10.9, 11.1, 12.1, 10.4, 9.0, 11.3, 9.8, 8.9, 11.7, 14.4]
[0.0, 0.0, 0.0, 0.0, 0.0, 0.0, 0.0, 0.0, 0.0, 2.2, 2.2, 2.3, 2.4, 2.8, 2.9, 3.0, 3.0, 3.3, 3.4, 3.4, 3.6, 3.7, 4.0, 4.1, 4.4, 4.5, 4.8, 4.9, 5.0, 5.0, 5.1, 5.2, 5.3, 5.3, 5.3, 5.4, 5.7, 5.7, 5.7, 5.9, 6.2, 6.3, 6.4, 6.5, 6.6, 6.6, 6.7, 6.9, 7.1, 7.3, 7.3, 7.4, 7.6, 8.1, 8.5, 8.6, 8.7, 8.7, 8.7, 8.9, 9.1, 9.6, 9.5, 11.7, 10.5, 9.1, 10.2, 14.2, 13.1, 10.6, 10.9, 11.1, 12.1, 10.4, 9.0, 11.3, 9.8, 9.5, 11.7, 14.4]
[0.0, 0.0, 0.0, 0.0, 0.0, 0.0, 0.0, 0.0, 0.0, 2.2, 2.2, 2.3, 2.4, 2.8, 2.9, 3.0, 3.0, 3.3, 3.4, 3.4, 3.6, 3.7, 4.0, 4.1, 4.4, 4.5, 4.8, 4.9, 5.0, 5.0, 5.1, 5.2, 5.3, 5.3, 5.3, 5.4, 5.7, 5.7, 5.7, 5.9, 6.2, 6.3, 6.4, 6.5, 6.6, 6.6, 6.7, 6.9, 7.1, 7.3, 7.3, 7.4, 7.6, 8.1, 8.5, 8.6, 8.7, 8.7, 8.7, 8.9, 9.0, 9.6, 9.5, 11.7, 10.5, 9.1, 10.2, 14.2, 13.1, 10.6, 10.9, 11.1, 12.1, 10.4, 9.1, 11.3, 9.8, 9.5, 11.7, 14.4]
[0.0, 0.0, 0.0, 0.0, 0.0, 0.0, 0.0, 0.0, 0.0, 2.2, 2.2, 2.3, 2.4, 2.8, 2.9, 3.0, 3.0, 3.3, 3.4, 3.4, 3.6, 3.7, 4.0, 4.1, 4.4, 4.5, 4.8, 4.9, 5.0, 5.0, 5.1, 5.2, 5.3, 5.3, 5.3, 5.4, 5.7, 5.7, 5.7, 5.9, 6.2, 6.3, 6.4, 6.5, 6.6, 6.6, 6.7, 6.9, 7.1, 7.3, 7.3, 7.4, 7.6, 8.1, 8.5, 8.6, 8.7, 8.7, 8.7, 8.9, 9.0, 9.1, 9.5, 11.7, 10.5, 9.1, 10.2, 14.2, 13.1, 10.6, 10.9, 11.1, 12.1, 10.4, 9.6, 11.3, 9.8, 9.5, 11.7, 14.4]
[0.0, 0.0, 0.0, 0.0, 0.0, 0.0, 0.0, 0.0, 0.0, 2.2, 2.2, 2.3, 2.4, 2.8, 2.9, 3.0, 3.0, 3.3, 3.4, 3.4, 3.6, 3.7, 4.0, 4.1, 4.4, 4.5, 4.8, 4.9, 5.0, 5.0, 5.1, 5.2, 5.3, 5.3, 5.3, 5.4, 5.7, 5.7, 5.7, 5.9, 6.2, 6.3, 6.4, 6.5, 6.6, 6.6, 6.7, 6.9, 7.1, 7.3, 7.3, 7.4, 7.6, 8.1, 8.5, 8.6, 8.7, 8.7, 8.7, 8.9, 9.0, 9.1, 9.1, 11.7, 10.5, 9.5, 10.2, 14.2, 13.1, 10.6, 10.9, 11.1, 12.1, 10.4, 9.6, 11.3, 9.8, 9.5, 11.7, 14.4]
[0.0, 0.0, 0.0, 0.0, 0.0, 0.0, 0.0, 0.0, 0.0, 2.2, 2.2, 2.3, 2.4, 2.8, 2.9, 3.0, 3.0, 3.3, 3.4, 3.4, 3.6, 3.7, 4.0, 4.1, 4.4, 4.5, 4.8, 4.9, 5.0, 5.0, 5.1, 5.2, 5.3, 5.3, 5.3, 5.4, 5.7, 5.7, 5.7, 5.9, 6.2, 6.3, 6.4, 6.5, 6.6, 6.6, 6.7, 6.9, 7.1, 7.3, 7.3, 7.4, 7.6, 8.1, 8.5, 8.6, 8.7, 8.7, 8.7, 8.9, 9.0, 9.1, 9.1, 9.5, 10.5, 11.7, 10.2, 14.2, 13.1, 10.6, 10.9, 11.1, 12.1, 10.4, 9.6, 11.3, 9.8, 9.5, 11.7, 14.4]
[0.0, 0.0, 0.0, 0.0, 0.0, 0.0, 0.0, 0.0, 0.0, 2.2, 2.2, 2.3, 2.4, 2.8, 2.9, 3.0, 3.0, 3.3, 3.4, 3.4, 3.6, 3.7, 4.0, 4.1, 4.4, 4.5, 4.8, 4.9, 5.0, 5.0, 5.1, 5.2, 5.3, 5.3, 5.3, 5.4, 5.7, 5.7, 5.7, 5.9, 6.2, 6.3, 6.4, 6.5, 6.6, 6.6, 6.7, 6.9, 7.1, 7.3, 7.3, 7.4, 7.6, 8.1, 8.5, 8.6, 8.7, 8.7, 8.7, 8.9, 9.0, 9.1, 9.1, 9.5, 9.5, 11.7, 10.2, 14.2, 13.1, 10.6, 10.9, 11.1, 12.1, 10.4, 9.6, 11.3, 9.8, 10.5, 11.7, 14.4]
[0.0, 0.0, 0.0, 0.0, 0.0, 0.0, 0.0, 0.0, 0.0, 2.2, 2.2, 2.3, 2.4, 2.8, 2.9, 3.0, 3.0, 3.3, 3.4, 3.4, 3.6, 3.7, 4.0, 4.1, 4.4, 4.5, 4.8, 4.9, 5.0, 5.0, 5.1, 5.2, 5.3, 5.3, 5.3, 5.4, 5.7, 5.7, 5.7, 5.9, 6.2, 6.3, 6.4, 6.5, 6.6, 6.6, 6.7, 6.9, 7.1, 7.3, 7.3, 7.4, 7.6, 8.1, 8.5, 8.6, 8.7, 8.7, 8.7, 8.9, 9.0, 9.1, 9.1, 9.5, 9.5, 9.6, 10.2, 14.2, 13.1, 10.6, 10.9, 11.1, 12.1, 10.4, 11.7, 11.3, 9.8, 10.5, 11.7, 14.4]
[0.0, 0.0, 0.0, 0.0, 0.0, 0.0, 0.0, 0.0, 0.0, 2.2, 2.2, 2.3, 2.4, 2.8, 2.9, 3.0, 3.0, 3.3, 3.4, 3.4, 3.6, 3.7, 4.0, 4.1, 4.4, 4.5, 4.8, 4.9, 5.0, 5.0, 5.1, 5.2, 5.3, 5.3, 5.3, 5.4, 5.7, 5.7, 5.7, 5.9, 6.2, 6.3, 6.4, 6.5, 6.6, 6.6, 6.7, 6.9, 7.1, 7.3, 7.3, 7.4, 7.6, 8.1, 8.5, 8.6, 8.7, 8.7, 8.7, 8.9, 9.0, 9.1, 9.1, 9.5, 9.5, 9.6, 9.8, 14.2, 13.1, 10.6, 10.9, 11.1, 12.1, 10.4, 11.7, 11.3, 10.2, 10.5, 11.7, 14.4]
[0.0, 0.0, 0.0, 0.0, 0.0, 0.0, 0.0, 0.0, 0.0, 2.2, 2.2, 2.3, 2.4, 2.8, 2.9, 3.0, 3.0, 3.3, 3.4, 3.4, 3.6, 3.7, 4.0, 4.1, 4.4, 4.5, 4.8, 4.9, 5.0, 5.0, 5.1, 5.2, 5.3, 5.3, 5.3, 5.4, 5.7, 5.7, 5.7, 5.9, 6.2, 6.3, 6.4, 6.5, 6.6, 6.6, 6.7, 6.9, 7.1, 7.3, 7.3, 7.4, 7.6, 8.1, 8.5, 8.6, 8.7, 8.7, 8.7, 8.9, 9.0, 9.1, 9.1, 9.5, 9.5, 9.6, 9.8, 10.2, 13.1, 10.6, 10.9, 11.1, 12.1, 10.4, 11.7, 11.3, 14.2, 10.5, 11.7, 14.4]
[0.0, 0.0, 0.0, 0.0, 0.0, 0.0, 0.0, 0.0, 0.0, 2.2, 2.2, 2.3, 2.4, 2.8, 2.9, 3.0, 3.0, 3.3, 3.4, 3.4, 3.6, 3.7, 4.0, 4.1, 4.4, 4.5, 4.8, 4.9, 5.0, 5.0, 5.1, 5.2, 5.3, 5.3, 5.3, 5.4, 5.7, 5.7, 5.7, 5.9, 6.2, 6.3, 6.4, 6.5, 6.6, 6.6, 6.7, 6.9, 7.1, 7.3, 7.3, 7.4, 7.6, 8.1, 8.5, 8.6, 8.7, 8.7, 8.7, 8.9, 9.0, 9.1, 9.1, 9.5, 9.5, 9.6, 9.8, 10.2, 10.4, 10.6, 10.9, 11.1, 12.1, 13.1, 11.7, 11.3, 14.2, 10.5, 11.7, 14.4]
[0.0, 0.0, 0.0, 0.0, 0.0, 0.0, 0.0, 0.0, 0.0, 2.2, 2.2, 2.3, 2.4, 2.8, 2.9, 3.0, 3.0, 3.3, 3.4, 3.4, 3.6, 3.7, 4.0, 4.1, 4.4, 4.5, 4.8, 4.9, 5.0, 5.0, 5.1, 5.2, 5.3, 5.3, 5.3, 5.4, 5.7, 5.7, 5.7, 5.9, 6.2, 6.3, 6.4, 6.5, 6.6, 6.6, 6.7, 6.9, 7.1, 7.3, 7.3, 7.4, 7.6, 8.1, 8.5, 8.6, 8.7, 8.7, 8.7, 8.9, 9.0, 9.1, 9.1, 9.5, 9.5, 9.6, 9.8, 10.2, 10.4, 10.5, 10.9, 11.1, 12.1, 13.1, 11.7, 11.3, 14.2, 10.6, 11.7, 14.4]
[0.0, 0.0, 0.0, 0.0, 0.0, 0.0, 0.0, 0.0, 0.0, 2.2, 2.2, 2.3, 2.4, 2.8, 2.9, 3.0, 3.0, 3.3, 3.4, 3.4, 3.6, 3.7, 4.0, 4.1, 4.4, 4.5, 4.8, 4.9, 5.0, 5.0, 5.1, 5.2, 5.3, 5.3, 5.3, 5.4, 5.7, 5.7, 5.7, 5.9, 6.2, 6.3, 6.4, 6.5, 6.6, 6.6, 6.7, 6.9, 7.1, 7.3, 7.3, 7.4, 7.6, 8.1, 8.5, 8.6, 8.7, 8.7, 8.7, 8.9, 9.0, 9.1, 9.1, 9.5, 9.5, 9.6, 9.8, 10.2, 10.4, 10.5, 10.6, 11.1, 12.1, 13.1, 11.7, 11.3, 14.2, 10.9, 11.7, 14.4]
[0.0, 0.0, 0.0, 0.0, 0.0, 0.0, 0.0, 0.0, 0.0, 2.2, 2.2, 2.3, 2.4, 2.8, 2.9, 3.0, 3.0, 3.3, 3.4, 3.4, 3.6, 3.7, 4.0, 4.1, 4.4, 4.5, 4.8, 4.9, 5.0, 5.0, 5.1, 5.2, 5.3, 5.3, 5.3, 5.4, 5.7, 5.7, 5.7, 5.9, 6.2, 6.3, 6.4, 6.5, 6.6, 6.6, 6.7, 6.9, 7.1, 7.3, 7.3, 7.4, 7.6, 8.1, 8.5, 8.6, 8.7, 8.7, 8.7, 8.9, 9.0, 9.1, 9.1, 9.5, 9.5, 9.6, 9.8, 10.2, 10.4, 10.5, 10.6, 10.9, 12.1, 13.1, 11.7, 11.3, 14.2, 11.1, 11.7, 14.4]
[0.0, 0.0, 0.0, 0.0, 0.0, 0.0, 0.0, 0.0, 0.0, 2.2, 2.2, 2.3, 2.4, 2.8, 2.9, 3.0, 3.0, 3.3, 3.4, 3.4, 3.6, 3.7, 4.0, 4.1, 4.4, 4.5, 4.8, 4.9, 5.0, 5.0, 5.1, 5.2, 5.3, 5.3, 5.3, 5.4, 5.7, 5.7, 5.7, 5.9, 6.2, 6.3, 6.4, 6.5, 6.6, 6.6, 6.7, 6.9, 7.1, 7.3, 7.3, 7.4, 7.6, 8.1, 8.5, 8.6, 8.7, 8.7, 8.7, 8.9, 9.0, 9.1, 9.1, 9.5, 9.5, 9.6, 9.8, 10.2, 10.4, 10.5, 10.6, 10.9, 11.1, 13.1, 11.7, 11.3, 14.2, 12.1, 11.7, 14.4]
[0.0, 0.0, 0.0, 0.0, 0.0, 0.0, 0.0, 0.0, 0.0, 2.2, 2.2, 2.3, 2.4, 2.8, 2.9, 3.0, 3.0, 3.3, 3.4, 3.4, 3.6, 3.7, 4.0, 4.1, 4.4, 4.5, 4.8, 4.9, 5.0, 5.0, 5.1, 5.2, 5.3, 5.3, 5.3, 5.4, 5.7, 5.7, 5.7, 5.9, 6.2, 6.3, 6.4, 6.5, 6.6, 6.6, 6.7, 6.9, 7.1, 7.3, 7.3, 7.4, 7.6, 8.1, 8.5, 8.6, 8.7, 8.7, 8.7, 8.9, 9.0, 9.1, 9.1, 9.5, 9.5, 9.6, 9.8, 10.2, 10.4, 10.5, 10.6, 10.9, 11.1, 11.3, 11.7, 13.1, 14.2, 12.1, 11.7, 14.4]
[0.0, 0.0, 0.0, 0.0, 0.0, 0.0, 0.0, 0.0, 0.0, 2.2, 2.2, 2.3, 2.4, 2.8, 2.9, 3.0, 3.0, 3.3, 3.4, 3.4, 3.6, 3.7, 4.0, 4.1, 4.4, 4.5, 4.8, 4.9, 5.0, 5.0, 5.1, 5.2, 5.3, 5.3, 5.3, 5.4, 5.7, 5.7, 5.7, 5.9, 6.2, 6.3, 6.4, 6.5, 6.6, 6.6, 6.7, 6.9, 7.1, 7.3, 7.3, 7.4, 7.6, 8.1, 8.5, 8.6, 8.7, 8.7, 8.7, 8.9, 9.0, 9.1, 9.1, 9.5, 9.5, 9.6, 9.8, 10.2, 10.4, 10.5, 10.6, 10.9, 11.1, 11.3, 11.7, 11.7, 14.2, 12.1, 13.1, 14.4]
[0.0, 0.0, 0.0, 0.0, 0.0, 0.0, 0.0, 0.0, 0.0, 2.2, 2.2, 2.3, 2.4, 2.8, 2.9, 3.0, 3.0, 3.3, 3.4, 3.4, 3.6, 3.7, 4.0, 4.1, 4.4, 4.5, 4.8, 4.9, 5.0, 5.0, 5.1, 5.2, 5.3, 5.3, 5.3, 5.4, 5.7, 5.7, 5.7, 5.9, 6.2, 6.3, 6.4, 6.5, 6.6, 6.6, 6.7, 6.9, 7.1, 7.3, 7.3, 7.4, 7.6, 8.1, 8.5, 8.6, 8.7, 8.7, 8.7, 8.9, 9.0, 9.1, 9.1, 9.5, 9.5, 9.6, 9.8, 10.2, 10.4, 10.5, 10.6, 10.9, 11.1, 11.3, 11.7, 11.7, 12.1, 14.2, 13.1, 14.4]
Tempo:5.821379
