APS - 4 SEMESTRE
-------------------------Listas---------------------------
Lista de Tempo: 
[0, 17, 14, 13, 24, 11, 16, 23, 18, 17, 0, 14, 16, 9, 19, 25, 25, 26, 9, 6, 0, 9, 13, 8, 21, 17, 13, 6, 18, 12, 0, 26, 11, 14, 27, 21, 24, 11, 16, 22, 0, 22, 31, 31, 29, 12, 20, 11, 11, 27, 0, 18, 17, 14, 19, 30, 17, 21, 37, 17, 0, 20, 17, 25, 23, 20, 24, 29, 17, 17, 0, 9, 19, 19, 16, 20, 26, 10, 18, 7, 0]
------------Insertion Sort-------------------------------
[0, 17, 14, 13, 24, 11, 16, 23, 18, 17, 0, 14, 16, 9, 19, 25, 25, 26, 9, 6, 0, 9, 13, 8, 21, 17, 13, 6, 18, 12, 0, 26, 11, 14, 27, 21, 24, 11, 16, 22, 0, 22, 31, 31, 29, 12, 20, 11, 11, 27, 0, 18, 17, 14, 19, 30, 17, 21, 37, 17, 0, 20, 17, 25, 23, 20, 24, 29, 17, 17, 0, 9, 19, 19, 16, 20, 26, 10, 18, 7, 0]
[0, 14, 17, 13, 24, 11, 16, 23, 18, 17, 0, 14, 16, 9, 19, 25, 25, 26, 9, 6, 0, 9, 13, 8, 21, 17, 13, 6, 18, 12, 0, 26, 11, 14, 27, 21, 24, 11, 16, 22, 0, 22, 31, 31, 29, 12, 20, 11, 11, 27, 0, 18, 17, 14, 19, 30, 17, 21, 37, 17, 0, 20, 17, 25, 23, 20, 24, 29, 17, 17, 0, 9, 19, 19, 16, 20, 26, 10, 18, 7, 0]
[0, 13, 14, 17, 24, 11, 16, 23, 18, 17, 0, 14, 16, 9, 19, 25, 25, 26, 9, 6, 0, 9, 13, 8, 21, 17, 13, 6, 18, 12, 0, 26, 11, 14, 27, 21, 24, 11, 16, 22, 0, 22, 31, 31, 29, 12, 20, 11, 11, 27, 0, 18, 17, 14, 19, 30, 17, 21, 37, 17, 0, 20, 17, 25, 23, 20, 24, 29, 17, 17, 0, 9, 19, 19, 16, 20, 26, 10, 18, 7, 0]
[0, 13, 14, 17, 24, 11, 16, 23, 18, 17, 0, 14, 16, 9, 19, 25, 25, 26, 9, 6, 0, 9, 13, 8, 21, 17, 13, 6, 18, 12, 0, 26, 11, 14, 27, 21, 24, 11, 16, 22, 0, 22, 31, 31, 29, 12, 20, 11, 11, 27, 0, 18, 17, 14, 19, 30, 17, 21, 37, 17, 0, 20, 17, 25, 23, 20, 24, 29, 17, 17, 0, 9, 19, 19, 16, 20, 26, 10, 18, 7, 0]
[0, 11, 13, 14, 17, 24, 16, 23, 18, 17, 0, 14, 16, 9, 19, 25, 25, 26, 9, 6, 0, 9, 13, 8, 21, 17, 13, 6, 18, 12, 0, 26, 11, 14, 27, 21, 24, 11, 16, 22, 0, 22, 31, 31, 29, 12, 20, 11, 11, 27, 0, 18, 17, 14, 19, 30, 17, 21, 37, 17, 0, 20, 17, 25, 23, 20, 24, 29, 17, 17, 0, 9, 19, 19, 16, 20, 26, 10, 18, 7, 0]
[0, 11, 13, 14, 16, 17, 24, 23, 18, 17, 0, 14, 16, 9, 19, 25, 25, 26, 9, 6, 0, 9, 13, 8, 21, 17, 13, 6, 18, 12, 0, 26, 11, 14, 27, 21, 24, 11, 16, 22, 0, 22, 31, 31, 29, 12, 20, 11, 11, 27, 0, 18, 17, 14, 19, 30, 17, 21, 37, 17, 0, 20, 17, 25, 23, 20, 24, 29, 17, 17, 0, 9, 19, 19, 16, 20, 26, 10, 18, 7, 0]
[0, 11, 13, 14, 16, 17, 23, 24, 18, 17, 0, 14, 16, 9, 19, 25, 25, 26, 9, 6, 0, 9, 13, 8, 21, 17, 13, 6, 18, 12, 0, 26, 11, 14, 27, 21, 24, 11, 16, 22, 0, 22, 31, 31, 29, 12, 20, 11, 11, 27, 0, 18, 17, 14, 19, 30, 17, 21, 37, 17, 0, 20, 17, 25, 23, 20, 24, 29, 17, 17, 0, 9, 19, 19, 16, 20, 26, 10, 18, 7, 0]
[0, 11, 13, 14, 16, 17, 18, 23, 24, 17, 0, 14, 16, 9, 19, 25, 25, 26, 9, 6, 0, 9, 13, 8, 21, 17, 13, 6, 18, 12, 0, 26, 11, 14, 27, 21, 24, 11, 16, 22, 0, 22, 31, 31, 29, 12, 20, 11, 11, 27, 0, 18, 17, 14, 19, 30, 17, 21, 37, 17, 0, 20, 17, 25, 23, 20, 24, 29, 17, 17, 0, 9, 19, 19, 16, 20, 26, 10, 18, 7, 0]
[0, 11, 13, 14, 16, 17, 17, 18, 23, 24, 0, 14, 16, 9, 19, 25, 25, 26, 9, 6, 0, 9, 13, 8, 21, 17, 13, 6, 18, 12, 0, 26, 11, 14, 27, 21, 24, 11, 16, 22, 0, 22, 31, 31, 29, 12, 20, 11, 11, 27, 0, 18, 17, 14, 19, 30, 17, 21, 37, 17, 0, 20, 17, 25, 23, 20, 24, 29, 17, 17, 0, 9, 19, 19, 16, 20, 26, 10, 18, 7, 0]
[0, 0, 11, 13, 14, 16, 17, 17, 18, 23, 24, 14, 16, 9, 19, 25, 25, 26, 9, 6, 0, 9, 13, 8, 21, 17, 13, 6, 18, 12, 0, 26, 11, 14, 27, 21, 24, 11, 16, 22, 0, 22, 31, 31, 29, 12, 20, 11, 11, 27, 0, 18, 17, 14, 19, 30, 17, 21, 37, 17, 0, 20, 17, 25, 23, 20, 24, 29, 17, 17, 0, 9, 19, 19, 16, 20, 26, 10, 18, 7, 0]
[0, 0, 11, 13, 14, 14, 16, 17, 17, 18, 23, 24, 16, 9, 19, 25, 25, 26, 9, 6, 0, 9, 13, 8, 21, 17, 13, 6, 18, 12, 0, 26, 11, 14, 27, 21, 24, 11, 16, 22, 0, 22, 31, 31, 29, 12, 20, 11, 11, 27, 0, 18, 17, 14, 19, 30, 17, 21, 37, 17, 0, 20, 17, 25, 23, 20, 24, 29, 17, 17, 0, 9, 19, 19, 16, 20, 26, 10, 18, 7, 0]
[0, 0, 11, 13, 14, 14, 16, 16, 17, 17, 18, 23, 24, 9, 19, 25, 25, 26, 9, 6, 0, 9, 13, 8, 21, 17, 13, 6, 18, 12, 0, 26, 11, 14, 27, 21, 24, 11, 16, 22, 0, 22, 31, 31, 29, 12, 20, 11, 11, 27, 0, 18, 17, 14, 19, 30, 17, 21, 37, 17, 0, 20, 17, 25, 23, 20, 24, 29, 17, 17, 0, 9, 19, 19, 16, 20, 26, 10, 18, 7, 0]
[0, 0, 9, 11, 13, 14, 14, 16, 16, 17, 17, 18, 23, 24, 19, 25, 25, 26, 9, 6, 0, 9, 13, 8, 21, 17, 13, 6, 18, 12, 0, 26, 11, 14, 27, 21, 24, 11, 16, 22, 0, 22, 31, 31, 29, 12, 20, 11, 11, 27, 0, 18, 17, 14, 19, 30, 17, 21, 37, 17, 0, 20, 17, 25, 23, 20, 24, 29, 17, 17, 0, 9, 19, 19, 16, 20, 26, 10, 18, 7, 0]
[0, 0, 9, 11, 13, 14, 14, 16, 16, 17, 17, 18, 19, 23, 24, 25, 25, 26, 9, 6, 0, 9, 13, 8, 21, 17, 13, 6, 18, 12, 0, 26, 11, 14, 27, 21, 24, 11, 16, 22, 0, 22, 31, 31, 29, 12, 20, 11, 11, 27, 0, 18, 17, 14, 19, 30, 17, 21, 37, 17, 0, 20, 17, 25, 23, 20, 24, 29, 17, 17, 0, 9, 19, 19, 16, 20, 26, 10, 18, 7, 0]
[0, 0, 9, 11, 13, 14, 14, 16, 16, 17, 17, 18, 19, 23, 24, 25, 25, 26, 9, 6, 0, 9, 13, 8, 21, 17, 13, 6, 18, 12, 0, 26, 11, 14, 27, 21, 24, 11, 16, 22, 0, 22, 31, 31, 29, 12, 20, 11, 11, 27, 0, 18, 17, 14, 19, 30, 17, 21, 37, 17, 0, 20, 17, 25, 23, 20, 24, 29, 17, 17, 0, 9, 19, 19, 16, 20, 26, 10, 18, 7, 0]
[0, 0, 9, 11, 13, 14, 14, 16, 16, 17, 17, 18, 19, 23, 24, 25, 25, 26, 9, 6, 0, 9, 13, 8, 21, 17, 13, 6, 18, 12, 0, 26, 11, 14, 27, 21, 24, 11, 16, 22, 0, 22, 31, 31, 29, 12, 20, 11, 11, 27, 0, 18, 17, 14, 19, 30, 17, 21, 37, 17, 0, 20, 17, 25, 23, 20, 24, 29, 17, 17, 0, 9, 19, 19, 16, 20, 26, 10, 18, 7, 0]
[0, 0, 9, 11, 13, 14, 14, 16, 16, 17, 17, 18, 19, 23, 24, 25, 25, 26, 9, 6, 0, 9, 13, 8, 21, 17, 13, 6, 18, 12, 0, 26, 11, 14, 27, 21, 24, 11, 16, 22, 0, 22, 31, 31, 29, 12, 20, 11, 11, 27, 0, 18, 17, 14, 19, 30, 17, 21, 37, 17, 0, 20, 17, 25, 23, 20, 24, 29, 17, 17, 0, 9, 19, 19, 16, 20, 26, 10, 18, 7, 0]
[0, 0, 9, 9, 11, 13, 14, 14, 16, 16, 17, 17, 18, 19, 23, 24, 25, 25, 26, 6, 0, 9, 13, 8, 21, 17, 13, 6, 18, 12, 0, 26, 11, 14, 27, 21, 24, 11, 16, 22, 0, 22, 31, 31, 29, 12, 20, 11, 11, 27, 0, 18, 17, 14, 19, 30, 17, 21, 37, 17, 0, 20, 17, 25, 23, 20, 24, 29, 17, 17, 0, 9, 19, 19, 16, 20, 26, 10, 18, 7, 0]
[0, 0, 6, 9, 9, 11, 13, 14, 14, 16, 16, 17, 17, 18, 19, 23, 24, 25, 25, 26, 0, 9, 13, 8, 21, 17, 13, 6, 18, 12, 0, 26, 11, 14, 27, 21, 24, 11, 16, 22, 0, 22, 31, 31, 29, 12, 20, 11, 11, 27, 0, 18, 17, 14, 19, 30, 17, 21, 37, 17, 0, 20, 17, 25, 23, 20, 24, 29, 17, 17, 0, 9, 19, 19, 16, 20, 26, 10, 18, 7, 0]
[0, 0, 0, 6, 9, 9, 11, 13, 14, 14, 16, 16, 17, 17, 18, 19, 23, 24, 25, 25, 26, 9, 13, 8, 21, 17, 13, 6, 18, 12, 0, 26, 11, 14, 27, 21, 24, 11, 16, 22, 0, 22, 31, 31, 29, 12, 20, 11, 11, 27, 0, 18, 17, 14, 19, 30, 17, 21, 37, 17, 0, 20, 17, 25, 23, 20, 24, 29, 17, 17, 0, 9, 19, 19, 16, 20, 26, 10, 18, 7, 0]
[0, 0, 0, 6, 9, 9, 9, 11, 13, 14, 14, 16, 16, 17, 17, 18, 19, 23, 24, 25, 25, 26, 13, 8, 21, 17, 13, 6, 18, 12, 0, 26, 11, 14, 27, 21, 24, 11, 16, 22, 0, 22, 31, 31, 29, 12, 20, 11, 11, 27, 0, 18, 17, 14, 19, 30, 17, 21, 37, 17, 0, 20, 17, 25, 23, 20, 24, 29, 17, 17, 0, 9, 19, 19, 16, 20, 26, 10, 18, 7, 0]
[0, 0, 0, 6, 9, 9, 9, 11, 13, 13, 14, 14, 16, 16, 17, 17, 18, 19, 23, 24, 25, 25, 26, 8, 21, 17, 13, 6, 18, 12, 0, 26, 11, 14, 27, 21, 24, 11, 16, 22, 0, 22, 31, 31, 29, 12, 20, 11, 11, 27, 0, 18, 17, 14, 19, 30, 17, 21, 37, 17, 0, 20, 17, 25, 23, 20, 24, 29, 17, 17, 0, 9, 19, 19, 16, 20, 26, 10, 18, 7, 0]
[0, 0, 0, 6, 8, 9, 9, 9, 11, 13, 13, 14, 14, 16, 16, 17, 17, 18, 19, 23, 24, 25, 25, 26, 21, 17, 13, 6, 18, 12, 0, 26, 11, 14, 27, 21, 24, 11, 16, 22, 0, 22, 31, 31, 29, 12, 20, 11, 11, 27, 0, 18, 17, 14, 19, 30, 17, 21, 37, 17, 0, 20, 17, 25, 23, 20, 24, 29, 17, 17, 0, 9, 19, 19, 16, 20, 26, 10, 18, 7, 0]
[0, 0, 0, 6, 8, 9, 9, 9, 11, 13, 13, 14, 14, 16, 16, 17, 17, 18, 19, 21, 23, 24, 25, 25, 26, 17, 13, 6, 18, 12, 0, 26, 11, 14, 27, 21, 24, 11, 16, 22, 0, 22, 31, 31, 29, 12, 20, 11, 11, 27, 0, 18, 17, 14, 19, 30, 17, 21, 37, 17, 0, 20, 17, 25, 23, 20, 24, 29, 17, 17, 0, 9, 19, 19, 16, 20, 26, 10, 18, 7, 0]
[0, 0, 0, 6, 8, 9, 9, 9, 11, 13, 13, 14, 14, 16, 16, 17, 17, 17, 18, 19, 21, 23, 24, 25, 25, 26, 13, 6, 18, 12, 0, 26, 11, 14, 27, 21, 24, 11, 16, 22, 0, 22, 31, 31, 29, 12, 20, 11, 11, 27, 0, 18, 17, 14, 19, 30, 17, 21, 37, 17, 0, 20, 17, 25, 23, 20, 24, 29, 17, 17, 0, 9, 19, 19, 16, 20, 26, 10, 18, 7, 0]
[0, 0, 0, 6, 8, 9, 9, 9, 11, 13, 13, 13, 14, 14, 16, 16, 17, 17, 17, 18, 19, 21, 23, 24, 25, 25, 26, 6, 18, 12, 0, 26, 11, 14, 27, 21, 24, 11, 16, 22, 0, 22, 31, 31, 29, 12, 20, 11, 11, 27, 0, 18, 17, 14, 19, 30, 17, 21, 37, 17, 0, 20, 17, 25, 23, 20, 24, 29, 17, 17, 0, 9, 19, 19, 16, 20, 26, 10, 18, 7, 0]
[0, 0, 0, 6, 6, 8, 9, 9, 9, 11, 13, 13, 13, 14, 14, 16, 16, 17, 17, 17, 18, 19, 21, 23, 24, 25, 25, 26, 18, 12, 0, 26, 11, 14, 27, 21, 24, 11, 16, 22, 0, 22, 31, 31, 29, 12, 20, 11, 11, 27, 0, 18, 17, 14, 19, 30, 17, 21, 37, 17, 0, 20, 17, 25, 23, 20, 24, 29, 17, 17, 0, 9, 19, 19, 16, 20, 26, 10, 18, 7, 0]
[0, 0, 0, 6, 6, 8, 9, 9, 9, 11, 13, 13, 13, 14, 14, 16, 16, 17, 17, 17, 18, 18, 19, 21, 23, 24, 25, 25, 26, 12, 0, 26, 11, 14, 27, 21, 24, 11, 16, 22, 0, 22, 31, 31, 29, 12, 20, 11, 11, 27, 0, 18, 17, 14, 19, 30, 17, 21, 37, 17, 0, 20, 17, 25, 23, 20, 24, 29, 17, 17, 0, 9, 19, 19, 16, 20, 26, 10, 18, 7, 0]
[0, 0, 0, 6, 6, 8, 9, 9, 9, 11, 12, 13, 13, 13, 14, 14, 16, 16, 17, 17, 17, 18, 18, 19, 21, 23, 24, 25, 25, 26, 0, 26, 11, 14, 27, 21, 24, 11, 16, 22, 0, 22, 31, 31, 29, 12, 20, 11, 11, 27, 0, 18, 17, 14, 19, 30, 17, 21, 37, 17, 0, 20, 17, 25, 23, 20, 24, 29, 17, 17, 0, 9, 19, 19, 16, 20, 26, 10, 18, 7, 0]
[0, 0, 0, 0, 6, 6, 8, 9, 9, 9, 11, 12, 13, 13, 13, 14, 14, 16, 16, 17, 17, 17, 18, 18, 19, 21, 23, 24, 25, 25, 26, 26, 11, 14, 27, 21, 24, 11, 16, 22, 0, 22, 31, 31, 29, 12, 20, 11, 11, 27, 0, 18, 17, 14, 19, 30, 17, 21, 37, 17, 0, 20, 17, 25, 23, 20, 24, 29, 17, 17, 0, 9, 19, 19, 16, 20, 26, 10, 18, 7, 0]
[0, 0, 0, 0, 6, 6, 8, 9, 9, 9, 11, 12, 13, 13, 13, 14, 14, 16, 16, 17, 17, 17, 18, 18, 19, 21, 23, 24, 25, 25, 26, 26, 11, 14, 27, 21, 24, 11, 16, 22, 0, 22, 31, 31, 29, 12, 20, 11, 11, 27, 0, 18, 17, 14, 19, 30, 17, 21, 37, 17, 0, 20, 17, 25, 23, 20, 24, 29, 17, 17, 0, 9, 19, 19, 16, 20, 26, 10, 18, 7, 0]
[0, 0, 0, 0, 6, 6, 8, 9, 9, 9, 11, 11, 12, 13, 13, 13, 14, 14, 16, 16, 17, 17, 17, 18, 18, 19, 21, 23, 24, 25, 25, 26, 26, 14, 27, 21, 24, 11, 16, 22, 0, 22, 31, 31, 29, 12, 20, 11, 11, 27, 0, 18, 17, 14, 19, 30, 17, 21, 37, 17, 0, 20, 17, 25, 23, 20, 24, 29, 17, 17, 0, 9, 19, 19, 16, 20, 26, 10, 18, 7, 0]
[0, 0, 0, 0, 6, 6, 8, 9, 9, 9, 11, 11, 12, 13, 13, 13, 14, 14, 14, 16, 16, 17, 17, 17, 18, 18, 19, 21, 23, 24, 25, 25, 26, 26, 27, 21, 24, 11, 16, 22, 0, 22, 31, 31, 29, 12, 20, 11, 11, 27, 0, 18, 17, 14, 19, 30, 17, 21, 37, 17, 0, 20, 17, 25, 23, 20, 24, 29, 17, 17, 0, 9, 19, 19, 16, 20, 26, 10, 18, 7, 0]
[0, 0, 0, 0, 6, 6, 8, 9, 9, 9, 11, 11, 12, 13, 13, 13, 14, 14, 14, 16, 16, 17, 17, 17, 18, 18, 19, 21, 23, 24, 25, 25, 26, 26, 27, 21, 24, 11, 16, 22, 0, 22, 31, 31, 29, 12, 20, 11, 11, 27, 0, 18, 17, 14, 19, 30, 17, 21, 37, 17, 0, 20, 17, 25, 23, 20, 24, 29, 17, 17, 0, 9, 19, 19, 16, 20, 26, 10, 18, 7, 0]
[0, 0, 0, 0, 6, 6, 8, 9, 9, 9, 11, 11, 12, 13, 13, 13, 14, 14, 14, 16, 16, 17, 17, 17, 18, 18, 19, 21, 21, 23, 24, 25, 25, 26, 26, 27, 24, 11, 16, 22, 0, 22, 31, 31, 29, 12, 20, 11, 11, 27, 0, 18, 17, 14, 19, 30, 17, 21, 37, 17, 0, 20, 17, 25, 23, 20, 24, 29, 17, 17, 0, 9, 19, 19, 16, 20, 26, 10, 18, 7, 0]
[0, 0, 0, 0, 6, 6, 8, 9, 9, 9, 11, 11, 12, 13, 13, 13, 14, 14, 14, 16, 16, 17, 17, 17, 18, 18, 19, 21, 21, 23, 24, 24, 25, 25, 26, 26, 27, 11, 16, 22, 0, 22, 31, 31, 29, 12, 20, 11, 11, 27, 0, 18, 17, 14, 19, 30, 17, 21, 37, 17, 0, 20, 17, 25, 23, 20, 24, 29, 17, 17, 0, 9, 19, 19, 16, 20, 26, 10, 18, 7, 0]
[0, 0, 0, 0, 6, 6, 8, 9, 9, 9, 11, 11, 11, 12, 13, 13, 13, 14, 14, 14, 16, 16, 17, 17, 17, 18, 18, 19, 21, 21, 23, 24, 24, 25, 25, 26, 26, 27, 16, 22, 0, 22, 31, 31, 29, 12, 20, 11, 11, 27, 0, 18, 17, 14, 19, 30, 17, 21, 37, 17, 0, 20, 17, 25, 23, 20, 24, 29, 17, 17, 0, 9, 19, 19, 16, 20, 26, 10, 18, 7, 0]
[0, 0, 0, 0, 6, 6, 8, 9, 9, 9, 11, 11, 11, 12, 13, 13, 13, 14, 14, 14, 16, 16, 16, 17, 17, 17, 18, 18, 19, 21, 21, 23, 24, 24, 25, 25, 26, 26, 27, 22, 0, 22, 31, 31, 29, 12, 20, 11, 11, 27, 0, 18, 17, 14, 19, 30, 17, 21, 37, 17, 0, 20, 17, 25, 23, 20, 24, 29, 17, 17, 0, 9, 19, 19, 16, 20, 26, 10, 18, 7, 0]
[0, 0, 0, 0, 6, 6, 8, 9, 9, 9, 11, 11, 11, 12, 13, 13, 13, 14, 14, 14, 16, 16, 16, 17, 17, 17, 18, 18, 19, 21, 21, 22, 23, 24, 24, 25, 25, 26, 26, 27, 0, 22, 31, 31, 29, 12, 20, 11, 11, 27, 0, 18, 17, 14, 19, 30, 17, 21, 37, 17, 0, 20, 17, 25, 23, 20, 24, 29, 17, 17, 0, 9, 19, 19, 16, 20, 26, 10, 18, 7, 0]
[0, 0, 0, 0, 0, 6, 6, 8, 9, 9, 9, 11, 11, 11, 12, 13, 13, 13, 14, 14, 14, 16, 16, 16, 17, 17, 17, 18, 18, 19, 21, 21, 22, 23, 24, 24, 25, 25, 26, 26, 27, 22, 31, 31, 29, 12, 20, 11, 11, 27, 0, 18, 17, 14, 19, 30, 17, 21, 37, 17, 0, 20, 17, 25, 23, 20, 24, 29, 17, 17, 0, 9, 19, 19, 16, 20, 26, 10, 18, 7, 0]
[0, 0, 0, 0, 0, 6, 6, 8, 9, 9, 9, 11, 11, 11, 12, 13, 13, 13, 14, 14, 14, 16, 16, 16, 17, 17, 17, 18, 18, 19, 21, 21, 22, 22, 23, 24, 24, 25, 25, 26, 26, 27, 31, 31, 29, 12, 20, 11, 11, 27, 0, 18, 17, 14, 19, 30, 17, 21, 37, 17, 0, 20, 17, 25, 23, 20, 24, 29, 17, 17, 0, 9, 19, 19, 16, 20, 26, 10, 18, 7, 0]
[0, 0, 0, 0, 0, 6, 6, 8, 9, 9, 9, 11, 11, 11, 12, 13, 13, 13, 14, 14, 14, 16, 16, 16, 17, 17, 17, 18, 18, 19, 21, 21, 22, 22, 23, 24, 24, 25, 25, 26, 26, 27, 31, 31, 29, 12, 20, 11, 11, 27, 0, 18, 17, 14, 19, 30, 17, 21, 37, 17, 0, 20, 17, 25, 23, 20, 24, 29, 17, 17, 0, 9, 19, 19, 16, 20, 26, 10, 18, 7, 0]
[0, 0, 0, 0, 0, 6, 6, 8, 9, 9, 9, 11, 11, 11, 12, 13, 13, 13, 14, 14, 14, 16, 16, 16, 17, 17, 17, 18, 18, 19, 21, 21, 22, 22, 23, 24, 24, 25, 25, 26, 26, 27, 31, 31, 29, 12, 20, 11, 11, 27, 0, 18, 17, 14, 19, 30, 17, 21, 37, 17, 0, 20, 17, 25, 23, 20, 24, 29, 17, 17, 0, 9, 19, 19, 16, 20, 26, 10, 18, 7, 0]
[0, 0, 0, 0, 0, 6, 6, 8, 9, 9, 9, 11, 11, 11, 12, 13, 13, 13, 14, 14, 14, 16, 16, 16, 17, 17, 17, 18, 18, 19, 21, 21, 22, 22, 23, 24, 24, 25, 25, 26, 26, 27, 29, 31, 31, 12, 20, 11, 11, 27, 0, 18, 17, 14, 19, 30, 17, 21, 37, 17, 0, 20, 17, 25, 23, 20, 24, 29, 17, 17, 0, 9, 19, 19, 16, 20, 26, 10, 18, 7, 0]
[0, 0, 0, 0, 0, 6, 6, 8, 9, 9, 9, 11, 11, 11, 12, 12, 13, 13, 13, 14, 14, 14, 16, 16, 16, 17, 17, 17, 18, 18, 19, 21, 21, 22, 22, 23, 24, 24, 25, 25, 26, 26, 27, 29, 31, 31, 20, 11, 11, 27, 0, 18, 17, 14, 19, 30, 17, 21, 37, 17, 0, 20, 17, 25, 23, 20, 24, 29, 17, 17, 0, 9, 19, 19, 16, 20, 26, 10, 18, 7, 0]
[0, 0, 0, 0, 0, 6, 6, 8, 9, 9, 9, 11, 11, 11, 12, 12, 13, 13, 13, 14, 14, 14, 16, 16, 16, 17, 17, 17, 18, 18, 19, 20, 21, 21, 22, 22, 23, 24, 24, 25, 25, 26, 26, 27, 29, 31, 31, 11, 11, 27, 0, 18, 17, 14, 19, 30, 17, 21, 37, 17, 0, 20, 17, 25, 23, 20, 24, 29, 17, 17, 0, 9, 19, 19, 16, 20, 26, 10, 18, 7, 0]
[0, 0, 0, 0, 0, 6, 6, 8, 9, 9, 9, 11, 11, 11, 11, 12, 12, 13, 13, 13, 14, 14, 14, 16, 16, 16, 17, 17, 17, 18, 18, 19, 20, 21, 21, 22, 22, 23, 24, 24, 25, 25, 26, 26, 27, 29, 31, 31, 11, 27, 0, 18, 17, 14, 19, 30, 17, 21, 37, 17, 0, 20, 17, 25, 23, 20, 24, 29, 17, 17, 0, 9, 19, 19, 16, 20, 26, 10, 18, 7, 0]
[0, 0, 0, 0, 0, 6, 6, 8, 9, 9, 9, 11, 11, 11, 11, 11, 12, 12, 13, 13, 13, 14, 14, 14, 16, 16, 16, 17, 17, 17, 18, 18, 19, 20, 21, 21, 22, 22, 23, 24, 24, 25, 25, 26, 26, 27, 29, 31, 31, 27, 0, 18, 17, 14, 19, 30, 17, 21, 37, 17, 0, 20, 17, 25, 23, 20, 24, 29, 17, 17, 0, 9, 19, 19, 16, 20, 26, 10, 18, 7, 0]
[0, 0, 0, 0, 0, 6, 6, 8, 9, 9, 9, 11, 11, 11, 11, 11, 12, 12, 13, 13, 13, 14, 14, 14, 16, 16, 16, 17, 17, 17, 18, 18, 19, 20, 21, 21, 22, 22, 23, 24, 24, 25, 25, 26, 26, 27, 27, 29, 31, 31, 0, 18, 17, 14, 19, 30, 17, 21, 37, 17, 0, 20, 17, 25, 23, 20, 24, 29, 17, 17, 0, 9, 19, 19, 16, 20, 26, 10, 18, 7, 0]
[0, 0, 0, 0, 0, 0, 6, 6, 8, 9, 9, 9, 11, 11, 11, 11, 11, 12, 12, 13, 13, 13, 14, 14, 14, 16, 16, 16, 17, 17, 17, 18, 18, 19, 20, 21, 21, 22, 22, 23, 24, 24, 25, 25, 26, 26, 27, 27, 29, 31, 31, 18, 17, 14, 19, 30, 17, 21, 37, 17, 0, 20, 17, 25, 23, 20, 24, 29, 17, 17, 0, 9, 19, 19, 16, 20, 26, 10, 18, 7, 0]
[0, 0, 0, 0, 0, 0, 6, 6, 8, 9, 9, 9, 11, 11, 11, 11, 11, 12, 12, 13, 13, 13, 14, 14, 14, 16, 16, 16, 17, 17, 17, 18, 18, 18, 19, 20, 21, 21, 22, 22, 23, 24, 24, 25, 25, 26, 26, 27, 27, 29, 31, 31, 17, 14, 19, 30, 17, 21, 37, 17, 0, 20, 17, 25, 23, 20, 24, 29, 17, 17, 0, 9, 19, 19, 16, 20, 26, 10, 18, 7, 0]
[0, 0, 0, 0, 0, 0, 6, 6, 8, 9, 9, 9, 11, 11, 11, 11, 11, 12, 12, 13, 13, 13, 14, 14, 14, 16, 16, 16, 17, 17, 17, 17, 18, 18, 18, 19, 20, 21, 21, 22, 22, 23, 24, 24, 25, 25, 26, 26, 27, 27, 29, 31, 31, 14, 19, 30, 17, 21, 37, 17, 0, 20, 17, 25, 23, 20, 24, 29, 17, 17, 0, 9, 19, 19, 16, 20, 26, 10, 18, 7, 0]
[0, 0, 0, 0, 0, 0, 6, 6, 8, 9, 9, 9, 11, 11, 11, 11, 11, 12, 12, 13, 13, 13, 14, 14, 14, 14, 16, 16, 16, 17, 17, 17, 17, 18, 18, 18, 19, 20, 21, 21, 22, 22, 23, 24, 24, 25, 25, 26, 26, 27, 27, 29, 31, 31, 19, 30, 17, 21, 37, 17, 0, 20, 17, 25, 23, 20, 24, 29, 17, 17, 0, 9, 19, 19, 16, 20, 26, 10, 18, 7, 0]
[0, 0, 0, 0, 0, 0, 6, 6, 8, 9, 9, 9, 11, 11, 11, 11, 11, 12, 12, 13, 13, 13, 14, 14, 14, 14, 16, 16, 16, 17, 17, 17, 17, 18, 18, 18, 19, 19, 20, 21, 21, 22, 22, 23, 24, 24, 25, 25, 26, 26, 27, 27, 29, 31, 31, 30, 17, 21, 37, 17, 0, 20, 17, 25, 23, 20, 24, 29, 17, 17, 0, 9, 19, 19, 16, 20, 26, 10, 18, 7, 0]
[0, 0, 0, 0, 0, 0, 6, 6, 8, 9, 9, 9, 11, 11, 11, 11, 11, 12, 12, 13, 13, 13, 14, 14, 14, 14, 16, 16, 16, 17, 17, 17, 17, 18, 18, 18, 19, 19, 20, 21, 21, 22, 22, 23, 24, 24, 25, 25, 26, 26, 27, 27, 29, 30, 31, 31, 17, 21, 37, 17, 0, 20, 17, 25, 23, 20, 24, 29, 17, 17, 0, 9, 19, 19, 16, 20, 26, 10, 18, 7, 0]
[0, 0, 0, 0, 0, 0, 6, 6, 8, 9, 9, 9, 11, 11, 11, 11, 11, 12, 12, 13, 13, 13, 14, 14, 14, 14, 16, 16, 16, 17, 17, 17, 17, 17, 18, 18, 18, 19, 19, 20, 21, 21, 22, 22, 23, 24, 24, 25, 25, 26, 26, 27, 27, 29, 30, 31, 31, 21, 37, 17, 0, 20, 17, 25, 23, 20, 24, 29, 17, 17, 0, 9, 19, 19, 16, 20, 26, 10, 18, 7, 0]
[0, 0, 0, 0, 0, 0, 6, 6, 8, 9, 9, 9, 11, 11, 11, 11, 11, 12, 12, 13, 13, 13, 14, 14, 14, 14, 16, 16, 16, 17, 17, 17, 17, 17, 18, 18, 18, 19, 19, 20, 21, 21, 21, 22, 22, 23, 24, 24, 25, 25, 26, 26, 27, 27, 29, 30, 31, 31, 37, 17, 0, 20, 17, 25, 23, 20, 24, 29, 17, 17, 0, 9, 19, 19, 16, 20, 26, 10, 18, 7, 0]
[0, 0, 0, 0, 0, 0, 6, 6, 8, 9, 9, 9, 11, 11, 11, 11, 11, 12, 12, 13, 13, 13, 14, 14, 14, 14, 16, 16, 16, 17, 17, 17, 17, 17, 18, 18, 18, 19, 19, 20, 21, 21, 21, 22, 22, 23, 24, 24, 25, 25, 26, 26, 27, 27, 29, 30, 31, 31, 37, 17, 0, 20, 17, 25, 23, 20, 24, 29, 17, 17, 0, 9, 19, 19, 16, 20, 26, 10, 18, 7, 0]
[0, 0, 0, 0, 0, 0, 6, 6, 8, 9, 9, 9, 11, 11, 11, 11, 11, 12, 12, 13, 13, 13, 14, 14, 14, 14, 16, 16, 16, 17, 17, 17, 17, 17, 17, 18, 18, 18, 19, 19, 20, 21, 21, 21, 22, 22, 23, 24, 24, 25, 25, 26, 26, 27, 27, 29, 30, 31, 31, 37, 0, 20, 17, 25, 23, 20, 24, 29, 17, 17, 0, 9, 19, 19, 16, 20, 26, 10, 18, 7, 0]
[0, 0, 0, 0, 0, 0, 0, 6, 6, 8, 9, 9, 9, 11, 11, 11, 11, 11, 12, 12, 13, 13, 13, 14, 14, 14, 14, 16, 16, 16, 17, 17, 17, 17, 17, 17, 18, 18, 18, 19, 19, 20, 21, 21, 21, 22, 22, 23, 24, 24, 25, 25, 26, 26, 27, 27, 29, 30, 31, 31, 37, 20, 17, 25, 23, 20, 24, 29, 17, 17, 0, 9, 19, 19, 16, 20, 26, 10, 18, 7, 0]
[0, 0, 0, 0, 0, 0, 0, 6, 6, 8, 9, 9, 9, 11, 11, 11, 11, 11, 12, 12, 13, 13, 13, 14, 14, 14, 14, 16, 16, 16, 17, 17, 17, 17, 17, 17, 18, 18, 18, 19, 19, 20, 20, 21, 21, 21, 22, 22, 23, 24, 24, 25, 25, 26, 26, 27, 27, 29, 30, 31, 31, 37, 17, 25, 23, 20, 24, 29, 17, 17, 0, 9, 19, 19, 16, 20, 26, 10, 18, 7, 0]
[0, 0, 0, 0, 0, 0, 0, 6, 6, 8, 9, 9, 9, 11, 11, 11, 11, 11, 12, 12, 13, 13, 13, 14, 14, 14, 14, 16, 16, 16, 17, 17, 17, 17, 17, 17, 17, 18, 18, 18, 19, 19, 20, 20, 21, 21, 21, 22, 22, 23, 24, 24, 25, 25, 26, 26, 27, 27, 29, 30, 31, 31, 37, 25, 23, 20, 24, 29, 17, 17, 0, 9, 19, 19, 16, 20, 26, 10, 18, 7, 0]
[0, 0, 0, 0, 0, 0, 0, 6, 6, 8, 9, 9, 9, 11, 11, 11, 11, 11, 12, 12, 13, 13, 13, 14, 14, 14, 14, 16, 16, 16, 17, 17, 17, 17, 17, 17, 17, 18, 18, 18, 19, 19, 20, 20, 21, 21, 21, 22, 22, 23, 24, 24, 25, 25, 25, 26, 26, 27, 27, 29, 30, 31, 31, 37, 23, 20, 24, 29, 17, 17, 0, 9, 19, 19, 16, 20, 26, 10, 18, 7, 0]
[0, 0, 0, 0, 0, 0, 0, 6, 6, 8, 9, 9, 9, 11, 11, 11, 11, 11, 12, 12, 13, 13, 13, 14, 14, 14, 14, 16, 16, 16, 17, 17, 17, 17, 17, 17, 17, 18, 18, 18, 19, 19, 20, 20, 21, 21, 21, 22, 22, 23, 23, 24, 24, 25, 25, 25, 26, 26, 27, 27, 29, 30, 31, 31, 37, 20, 24, 29, 17, 17, 0, 9, 19, 19, 16, 20, 26, 10, 18, 7, 0]
[0, 0, 0, 0, 0, 0, 0, 6, 6, 8, 9, 9, 9, 11, 11, 11, 11, 11, 12, 12, 13, 13, 13, 14, 14, 14, 14, 16, 16, 16, 17, 17, 17, 17, 17, 17, 17, 18, 18, 18, 19, 19, 20, 20, 20, 21, 21, 21, 22, 22, 23, 23, 24, 24, 25, 25, 25, 26, 26, 27, 27, 29, 30, 31, 31, 37, 24, 29, 17, 17, 0, 9, 19, 19, 16, 20, 26, 10, 18, 7, 0]
[0, 0, 0, 0, 0, 0, 0, 6, 6, 8, 9, 9, 9, 11, 11, 11, 11, 11, 12, 12, 13, 13, 13, 14, 14, 14, 14, 16, 16, 16, 17, 17, 17, 17, 17, 17, 17, 18, 18, 18, 19, 19, 20, 20, 20, 21, 21, 21, 22, 22, 23, 23, 24, 24, 24, 25, 25, 25, 26, 26, 27, 27, 29, 30, 31, 31, 37, 29, 17, 17, 0, 9, 19, 19, 16, 20, 26, 10, 18, 7, 0]
[0, 0, 0, 0, 0, 0, 0, 6, 6, 8, 9, 9, 9, 11, 11, 11, 11, 11, 12, 12, 13, 13, 13, 14, 14, 14, 14, 16, 16, 16, 17, 17, 17, 17, 17, 17, 17, 18, 18, 18, 19, 19, 20, 20, 20, 21, 21, 21, 22, 22, 23, 23, 24, 24, 24, 25, 25, 25, 26, 26, 27, 27, 29, 29, 30, 31, 31, 37, 17, 17, 0, 9, 19, 19, 16, 20, 26, 10, 18, 7, 0]
[0, 0, 0, 0, 0, 0, 0, 6, 6, 8, 9, 9, 9, 11, 11, 11, 11, 11, 12, 12, 13, 13, 13, 14, 14, 14, 14, 16, 16, 16, 17, 17, 17, 17, 17, 17, 17, 17, 18, 18, 18, 19, 19, 20, 20, 20, 21, 21, 21, 22, 22, 23, 23, 24, 24, 24, 25, 25, 25, 26, 26, 27, 27, 29, 29, 30, 31, 31, 37, 17, 0, 9, 19, 19, 16, 20, 26, 10, 18, 7, 0]
[0, 0, 0, 0, 0, 0, 0, 6, 6, 8, 9, 9, 9, 11, 11, 11, 11, 11, 12, 12, 13, 13, 13, 14, 14, 14, 14, 16, 16, 16, 17, 17, 17, 17, 17, 17, 17, 17, 17, 18, 18, 18, 19, 19, 20, 20, 20, 21, 21, 21, 22, 22, 23, 23, 24, 24, 24, 25, 25, 25, 26, 26, 27, 27, 29, 29, 30, 31, 31, 37, 0, 9, 19, 19, 16, 20, 26, 10, 18, 7, 0]
[0, 0, 0, 0, 0, 0, 0, 0, 6, 6, 8, 9, 9, 9, 11, 11, 11, 11, 11, 12, 12, 13, 13, 13, 14, 14, 14, 14, 16, 16, 16, 17, 17, 17, 17, 17, 17, 17, 17, 17, 18, 18, 18, 19, 19, 20, 20, 20, 21, 21, 21, 22, 22, 23, 23, 24, 24, 24, 25, 25, 25, 26, 26, 27, 27, 29, 29, 30, 31, 31, 37, 9, 19, 19, 16, 20, 26, 10, 18, 7, 0]
[0, 0, 0, 0, 0, 0, 0, 0, 6, 6, 8, 9, 9, 9, 9, 11, 11, 11, 11, 11, 12, 12, 13, 13, 13, 14, 14, 14, 14, 16, 16, 16, 17, 17, 17, 17, 17, 17, 17, 17, 17, 18, 18, 18, 19, 19, 20, 20, 20, 21, 21, 21, 22, 22, 23, 23, 24, 24, 24, 25, 25, 25, 26, 26, 27, 27, 29, 29, 30, 31, 31, 37, 19, 19, 16, 20, 26, 10, 18, 7, 0]
[0, 0, 0, 0, 0, 0, 0, 0, 6, 6, 8, 9, 9, 9, 9, 11, 11, 11, 11, 11, 12, 12, 13, 13, 13, 14, 14, 14, 14, 16, 16, 16, 17, 17, 17, 17, 17, 17, 17, 17, 17, 18, 18, 18, 19, 19, 19, 20, 20, 20, 21, 21, 21, 22, 22, 23, 23, 24, 24, 24, 25, 25, 25, 26, 26, 27, 27, 29, 29, 30, 31, 31, 37, 19, 16, 20, 26, 10, 18, 7, 0]
[0, 0, 0, 0, 0, 0, 0, 0, 6, 6, 8, 9, 9, 9, 9, 11, 11, 11, 11, 11, 12, 12, 13, 13, 13, 14, 14, 14, 14, 16, 16, 16, 17, 17, 17, 17, 17, 17, 17, 17, 17, 18, 18, 18, 19, 19, 19, 19, 20, 20, 20, 21, 21, 21, 22, 22, 23, 23, 24, 24, 24, 25, 25, 25, 26, 26, 27, 27, 29, 29, 30, 31, 31, 37, 16, 20, 26, 10, 18, 7, 0]
[0, 0, 0, 0, 0, 0, 0, 0, 6, 6, 8, 9, 9, 9, 9, 11, 11, 11, 11, 11, 12, 12, 13, 13, 13, 14, 14, 14, 14, 16, 16, 16, 16, 17, 17, 17, 17, 17, 17, 17, 17, 17, 18, 18, 18, 19, 19, 19, 19, 20, 20, 20, 21, 21, 21, 22, 22, 23, 23, 24, 24, 24, 25, 25, 25, 26, 26, 27, 27, 29, 29, 30, 31, 31, 37, 20, 26, 10, 18, 7, 0]
[0, 0, 0, 0, 0, 0, 0, 0, 6, 6, 8, 9, 9, 9, 9, 11, 11, 11, 11, 11, 12, 12, 13, 13, 13, 14, 14, 14, 14, 16, 16, 16, 16, 17, 17, 17, 17, 17, 17, 17, 17, 17, 18, 18, 18, 19, 19, 19, 19, 20, 20, 20, 20, 21, 21, 21, 22, 22, 23, 23, 24, 24, 24, 25, 25, 25, 26, 26, 27, 27, 29, 29, 30, 31, 31, 37, 26, 10, 18, 7, 0]
[0, 0, 0, 0, 0, 0, 0, 0, 6, 6, 8, 9, 9, 9, 9, 11, 11, 11, 11, 11, 12, 12, 13, 13, 13, 14, 14, 14, 14, 16, 16, 16, 16, 17, 17, 17, 17, 17, 17, 17, 17, 17, 18, 18, 18, 19, 19, 19, 19, 20, 20, 20, 20, 21, 21, 21, 22, 22, 23, 23, 24, 24, 24, 25, 25, 25, 26, 26, 26, 27, 27, 29, 29, 30, 31, 31, 37, 10, 18, 7, 0]
[0, 0, 0, 0, 0, 0, 0, 0, 6, 6, 8, 9, 9, 9, 9, 10, 11, 11, 11, 11, 11, 12, 12, 13, 13, 13, 14, 14, 14, 14, 16, 16, 16, 16, 17, 17, 17, 17, 17, 17, 17, 17, 17, 18, 18, 18, 19, 19, 19, 19, 20, 20, 20, 20, 21, 21, 21, 22, 22, 23, 23, 24, 24, 24, 25, 25, 25, 26, 26, 26, 27, 27, 29, 29, 30, 31, 31, 37, 18, 7, 0]
[0, 0, 0, 0, 0, 0, 0, 0, 6, 6, 8, 9, 9, 9, 9, 10, 11, 11, 11, 11, 11, 12, 12, 13, 13, 13, 14, 14, 14, 14, 16, 16, 16, 16, 17, 17, 17, 17, 17, 17, 17, 17, 17, 18, 18, 18, 18, 19, 19, 19, 19, 20, 20, 20, 20, 21, 21, 21, 22, 22, 23, 23, 24, 24, 24, 25, 25, 25, 26, 26, 26, 27, 27, 29, 29, 30, 31, 31, 37, 7, 0]
[0, 0, 0, 0, 0, 0, 0, 0, 6, 6, 7, 8, 9, 9, 9, 9, 10, 11, 11, 11, 11, 11, 12, 12, 13, 13, 13, 14, 14, 14, 14, 16, 16, 16, 16, 17, 17, 17, 17, 17, 17, 17, 17, 17, 18, 18, 18, 18, 19, 19, 19, 19, 20, 20, 20, 20, 21, 21, 21, 22, 22, 23, 23, 24, 24, 24, 25, 25, 25, 26, 26, 26, 27, 27, 29, 29, 30, 31, 31, 37, 0]
[0, 0, 0, 0, 0, 0, 0, 0, 0, 6, 6, 7, 8, 9, 9, 9, 9, 10, 11, 11, 11, 11, 11, 12, 12, 13, 13, 13, 14, 14, 14, 14, 16, 16, 16, 16, 17, 17, 17, 17, 17, 17, 17, 17, 17, 18, 18, 18, 18, 19, 19, 19, 19, 20, 20, 20, 20, 21, 21, 21, 22, 22, 23, 23, 24, 24, 24, 25, 25, 25, 26, 26, 26, 27, 27, 29, 29, 30, 31, 31, 37]
[0, 0, 0, 0, 0, 0, 0, 0, 0, 6, 6, 7, 8, 9, 9, 9, 9, 10, 11, 11, 11, 11, 11, 12, 12, 13, 13, 13, 14, 14, 14, 14, 16, 16, 16, 16, 17, 17, 17, 17, 17, 17, 17, 17, 17, 18, 18, 18, 18, 19, 19, 19, 19, 20, 20, 20, 20, 21, 21, 21, 22, 22, 23, 23, 24, 24, 24, 25, 25, 25, 26, 26, 26, 27, 27, 29, 29, 30, 31, 31, 37]
[0, 17, 14, 13, 24, 11, 16, 23, 18, 17, 0, 14, 16, 9, 19, 25, 25, 26, 9, 6, 0, 9, 13, 8, 21, 17, 13, 6, 18, 12, 0, 26, 11, 14, 27, 21, 24, 11, 16, 22, 0, 22, 31, 31, 29, 12, 20, 11, 11, 27, 0, 18, 17, 14, 19, 30, 17, 21, 37, 17, 0, 20, 17, 25, 23, 20, 24, 29, 17, 17, 0, 9, 19, 19, 16, 20, 26, 10, 18, 7, 0]
[0, 14, 17, 13, 24, 11, 16, 23, 18, 17, 0, 14, 16, 9, 19, 25, 25, 26, 9, 6, 0, 9, 13, 8, 21, 17, 13, 6, 18, 12, 0, 26, 11, 14, 27, 21, 24, 11, 16, 22, 0, 22, 31, 31, 29, 12, 20, 11, 11, 27, 0, 18, 17, 14, 19, 30, 17, 21, 37, 17, 0, 20, 17, 25, 23, 20, 24, 29, 17, 17, 0, 9, 19, 19, 16, 20, 26, 10, 18, 7, 0]
[0, 13, 14, 17, 24, 11, 16, 23, 18, 17, 0, 14, 16, 9, 19, 25, 25, 26, 9, 6, 0, 9, 13, 8, 21, 17, 13, 6, 18, 12, 0, 26, 11, 14, 27, 21, 24, 11, 16, 22, 0, 22, 31, 31, 29, 12, 20, 11, 11, 27, 0, 18, 17, 14, 19, 30, 17, 21, 37, 17, 0, 20, 17, 25, 23, 20, 24, 29, 17, 17, 0, 9, 19, 19, 16, 20, 26, 10, 18, 7, 0]
[0, 13, 14, 17, 24, 11, 16, 23, 18, 17, 0, 14, 16, 9, 19, 25, 25, 26, 9, 6, 0, 9, 13, 8, 21, 17, 13, 6, 18, 12, 0, 26, 11, 14, 27, 21, 24, 11, 16, 22, 0, 22, 31, 31, 29, 12, 20, 11, 11, 27, 0, 18, 17, 14, 19, 30, 17, 21, 37, 17, 0, 20, 17, 25, 23, 20, 24, 29, 17, 17, 0, 9, 19, 19, 16, 20, 26, 10, 18, 7, 0]
[0, 11, 13, 14, 17, 24, 16, 23, 18, 17, 0, 14, 16, 9, 19, 25, 25, 26, 9, 6, 0, 9, 13, 8, 21, 17, 13, 6, 18, 12, 0, 26, 11, 14, 27, 21, 24, 11, 16, 22, 0, 22, 31, 31, 29, 12, 20, 11, 11, 27, 0, 18, 17, 14, 19, 30, 17, 21, 37, 17, 0, 20, 17, 25, 23, 20, 24, 29, 17, 17, 0, 9, 19, 19, 16, 20, 26, 10, 18, 7, 0]
[0, 11, 13, 14, 16, 17, 24, 23, 18, 17, 0, 14, 16, 9, 19, 25, 25, 26, 9, 6, 0, 9, 13, 8, 21, 17, 13, 6, 18, 12, 0, 26, 11, 14, 27, 21, 24, 11, 16, 22, 0, 22, 31, 31, 29, 12, 20, 11, 11, 27, 0, 18, 17, 14, 19, 30, 17, 21, 37, 17, 0, 20, 17, 25, 23, 20, 24, 29, 17, 17, 0, 9, 19, 19, 16, 20, 26, 10, 18, 7, 0]
[0, 11, 13, 14, 16, 17, 23, 24, 18, 17, 0, 14, 16, 9, 19, 25, 25, 26, 9, 6, 0, 9, 13, 8, 21, 17, 13, 6, 18, 12, 0, 26, 11, 14, 27, 21, 24, 11, 16, 22, 0, 22, 31, 31, 29, 12, 20, 11, 11, 27, 0, 18, 17, 14, 19, 30, 17, 21, 37, 17, 0, 20, 17, 25, 23, 20, 24, 29, 17, 17, 0, 9, 19, 19, 16, 20, 26, 10, 18, 7, 0]
[0, 11, 13, 14, 16, 17, 18, 23, 24, 17, 0, 14, 16, 9, 19, 25, 25, 26, 9, 6, 0, 9, 13, 8, 21, 17, 13, 6, 18, 12, 0, 26, 11, 14, 27, 21, 24, 11, 16, 22, 0, 22, 31, 31, 29, 12, 20, 11, 11, 27, 0, 18, 17, 14, 19, 30, 17, 21, 37, 17, 0, 20, 17, 25, 23, 20, 24, 29, 17, 17, 0, 9, 19, 19, 16, 20, 26, 10, 18, 7, 0]
[0, 11, 13, 14, 16, 17, 17, 18, 23, 24, 0, 14, 16, 9, 19, 25, 25, 26, 9, 6, 0, 9, 13, 8, 21, 17, 13, 6, 18, 12, 0, 26, 11, 14, 27, 21, 24, 11, 16, 22, 0, 22, 31, 31, 29, 12, 20, 11, 11, 27, 0, 18, 17, 14, 19, 30, 17, 21, 37, 17, 0, 20, 17, 25, 23, 20, 24, 29, 17, 17, 0, 9, 19, 19, 16, 20, 26, 10, 18, 7, 0]
[0, 0, 11, 13, 14, 16, 17, 17, 18, 23, 24, 14, 16, 9, 19, 25, 25, 26, 9, 6, 0, 9, 13, 8, 21, 17, 13, 6, 18, 12, 0, 26, 11, 14, 27, 21, 24, 11, 16, 22, 0, 22, 31, 31, 29, 12, 20, 11, 11, 27, 0, 18, 17, 14, 19, 30, 17, 21, 37, 17, 0, 20, 17, 25, 23, 20, 24, 29, 17, 17, 0, 9, 19, 19, 16, 20, 26, 10, 18, 7, 0]
[0, 0, 11, 13, 14, 14, 16, 17, 17, 18, 23, 24, 16, 9, 19, 25, 25, 26, 9, 6, 0, 9, 13, 8, 21, 17, 13, 6, 18, 12, 0, 26, 11, 14, 27, 21, 24, 11, 16, 22, 0, 22, 31, 31, 29, 12, 20, 11, 11, 27, 0, 18, 17, 14, 19, 30, 17, 21, 37, 17, 0, 20, 17, 25, 23, 20, 24, 29, 17, 17, 0, 9, 19, 19, 16, 20, 26, 10, 18, 7, 0]
[0, 0, 11, 13, 14, 14, 16, 16, 17, 17, 18, 23, 24, 9, 19, 25, 25, 26, 9, 6, 0, 9, 13, 8, 21, 17, 13, 6, 18, 12, 0, 26, 11, 14, 27, 21, 24, 11, 16, 22, 0, 22, 31, 31, 29, 12, 20, 11, 11, 27, 0, 18, 17, 14, 19, 30, 17, 21, 37, 17, 0, 20, 17, 25, 23, 20, 24, 29, 17, 17, 0, 9, 19, 19, 16, 20, 26, 10, 18, 7, 0]
[0, 0, 9, 11, 13, 14, 14, 16, 16, 17, 17, 18, 23, 24, 19, 25, 25, 26, 9, 6, 0, 9, 13, 8, 21, 17, 13, 6, 18, 12, 0, 26, 11, 14, 27, 21, 24, 11, 16, 22, 0, 22, 31, 31, 29, 12, 20, 11, 11, 27, 0, 18, 17, 14, 19, 30, 17, 21, 37, 17, 0, 20, 17, 25, 23, 20, 24, 29, 17, 17, 0, 9, 19, 19, 16, 20, 26, 10, 18, 7, 0]
[0, 0, 9, 11, 13, 14, 14, 16, 16, 17, 17, 18, 19, 23, 24, 25, 25, 26, 9, 6, 0, 9, 13, 8, 21, 17, 13, 6, 18, 12, 0, 26, 11, 14, 27, 21, 24, 11, 16, 22, 0, 22, 31, 31, 29, 12, 20, 11, 11, 27, 0, 18, 17, 14, 19, 30, 17, 21, 37, 17, 0, 20, 17, 25, 23, 20, 24, 29, 17, 17, 0, 9, 19, 19, 16, 20, 26, 10, 18, 7, 0]
[0, 0, 9, 11, 13, 14, 14, 16, 16, 17, 17, 18, 19, 23, 24, 25, 25, 26, 9, 6, 0, 9, 13, 8, 21, 17, 13, 6, 18, 12, 0, 26, 11, 14, 27, 21, 24, 11, 16, 22, 0, 22, 31, 31, 29, 12, 20, 11, 11, 27, 0, 18, 17, 14, 19, 30, 17, 21, 37, 17, 0, 20, 17, 25, 23, 20, 24, 29, 17, 17, 0, 9, 19, 19, 16, 20, 26, 10, 18, 7, 0]
[0, 0, 9, 11, 13, 14, 14, 16, 16, 17, 17, 18, 19, 23, 24, 25, 25, 26, 9, 6, 0, 9, 13, 8, 21, 17, 13, 6, 18, 12, 0, 26, 11, 14, 27, 21, 24, 11, 16, 22, 0, 22, 31, 31, 29, 12, 20, 11, 11, 27, 0, 18, 17, 14, 19, 30, 17, 21, 37, 17, 0, 20, 17, 25, 23, 20, 24, 29, 17, 17, 0, 9, 19, 19, 16, 20, 26, 10, 18, 7, 0]
[0, 0, 9, 11, 13, 14, 14, 16, 16, 17, 17, 18, 19, 23, 24, 25, 25, 26, 9, 6, 0, 9, 13, 8, 21, 17, 13, 6, 18, 12, 0, 26, 11, 14, 27, 21, 24, 11, 16, 22, 0, 22, 31, 31, 29, 12, 20, 11, 11, 27, 0, 18, 17, 14, 19, 30, 17, 21, 37, 17, 0, 20, 17, 25, 23, 20, 24, 29, 17, 17, 0, 9, 19, 19, 16, 20, 26, 10, 18, 7, 0]
[0, 0, 9, 9, 11, 13, 14, 14, 16, 16, 17, 17, 18, 19, 23, 24, 25, 25, 26, 6, 0, 9, 13, 8, 21, 17, 13, 6, 18, 12, 0, 26, 11, 14, 27, 21, 24, 11, 16, 22, 0, 22, 31, 31, 29, 12, 20, 11, 11, 27, 0, 18, 17, 14, 19, 30, 17, 21, 37, 17, 0, 20, 17, 25, 23, 20, 24, 29, 17, 17, 0, 9, 19, 19, 16, 20, 26, 10, 18, 7, 0]
[0, 0, 6, 9, 9, 11, 13, 14, 14, 16, 16, 17, 17, 18, 19, 23, 24, 25, 25, 26, 0, 9, 13, 8, 21, 17, 13, 6, 18, 12, 0, 26, 11, 14, 27, 21, 24, 11, 16, 22, 0, 22, 31, 31, 29, 12, 20, 11, 11, 27, 0, 18, 17, 14, 19, 30, 17, 21, 37, 17, 0, 20, 17, 25, 23, 20, 24, 29, 17, 17, 0, 9, 19, 19, 16, 20, 26, 10, 18, 7, 0]
[0, 0, 0, 6, 9, 9, 11, 13, 14, 14, 16, 16, 17, 17, 18, 19, 23, 24, 25, 25, 26, 9, 13, 8, 21, 17, 13, 6, 18, 12, 0, 26, 11, 14, 27, 21, 24, 11, 16, 22, 0, 22, 31, 31, 29, 12, 20, 11, 11, 27, 0, 18, 17, 14, 19, 30, 17, 21, 37, 17, 0, 20, 17, 25, 23, 20, 24, 29, 17, 17, 0, 9, 19, 19, 16, 20, 26, 10, 18, 7, 0]
[0, 0, 0, 6, 9, 9, 9, 11, 13, 14, 14, 16, 16, 17, 17, 18, 19, 23, 24, 25, 25, 26, 13, 8, 21, 17, 13, 6, 18, 12, 0, 26, 11, 14, 27, 21, 24, 11, 16, 22, 0, 22, 31, 31, 29, 12, 20, 11, 11, 27, 0, 18, 17, 14, 19, 30, 17, 21, 37, 17, 0, 20, 17, 25, 23, 20, 24, 29, 17, 17, 0, 9, 19, 19, 16, 20, 26, 10, 18, 7, 0]
[0, 0, 0, 6, 9, 9, 9, 11, 13, 13, 14, 14, 16, 16, 17, 17, 18, 19, 23, 24, 25, 25, 26, 8, 21, 17, 13, 6, 18, 12, 0, 26, 11, 14, 27, 21, 24, 11, 16, 22, 0, 22, 31, 31, 29, 12, 20, 11, 11, 27, 0, 18, 17, 14, 19, 30, 17, 21, 37, 17, 0, 20, 17, 25, 23, 20, 24, 29, 17, 17, 0, 9, 19, 19, 16, 20, 26, 10, 18, 7, 0]
[0, 0, 0, 6, 8, 9, 9, 9, 11, 13, 13, 14, 14, 16, 16, 17, 17, 18, 19, 23, 24, 25, 25, 26, 21, 17, 13, 6, 18, 12, 0, 26, 11, 14, 27, 21, 24, 11, 16, 22, 0, 22, 31, 31, 29, 12, 20, 11, 11, 27, 0, 18, 17, 14, 19, 30, 17, 21, 37, 17, 0, 20, 17, 25, 23, 20, 24, 29, 17, 17, 0, 9, 19, 19, 16, 20, 26, 10, 18, 7, 0]
[0, 0, 0, 6, 8, 9, 9, 9, 11, 13, 13, 14, 14, 16, 16, 17, 17, 18, 19, 21, 23, 24, 25, 25, 26, 17, 13, 6, 18, 12, 0, 26, 11, 14, 27, 21, 24, 11, 16, 22, 0, 22, 31, 31, 29, 12, 20, 11, 11, 27, 0, 18, 17, 14, 19, 30, 17, 21, 37, 17, 0, 20, 17, 25, 23, 20, 24, 29, 17, 17, 0, 9, 19, 19, 16, 20, 26, 10, 18, 7, 0]
[0, 0, 0, 6, 8, 9, 9, 9, 11, 13, 13, 14, 14, 16, 16, 17, 17, 17, 18, 19, 21, 23, 24, 25, 25, 26, 13, 6, 18, 12, 0, 26, 11, 14, 27, 21, 24, 11, 16, 22, 0, 22, 31, 31, 29, 12, 20, 11, 11, 27, 0, 18, 17, 14, 19, 30, 17, 21, 37, 17, 0, 20, 17, 25, 23, 20, 24, 29, 17, 17, 0, 9, 19, 19, 16, 20, 26, 10, 18, 7, 0]
[0, 0, 0, 6, 8, 9, 9, 9, 11, 13, 13, 13, 14, 14, 16, 16, 17, 17, 17, 18, 19, 21, 23, 24, 25, 25, 26, 6, 18, 12, 0, 26, 11, 14, 27, 21, 24, 11, 16, 22, 0, 22, 31, 31, 29, 12, 20, 11, 11, 27, 0, 18, 17, 14, 19, 30, 17, 21, 37, 17, 0, 20, 17, 25, 23, 20, 24, 29, 17, 17, 0, 9, 19, 19, 16, 20, 26, 10, 18, 7, 0]
[0, 0, 0, 6, 6, 8, 9, 9, 9, 11, 13, 13, 13, 14, 14, 16, 16, 17, 17, 17, 18, 19, 21, 23, 24, 25, 25, 26, 18, 12, 0, 26, 11, 14, 27, 21, 24, 11, 16, 22, 0, 22, 31, 31, 29, 12, 20, 11, 11, 27, 0, 18, 17, 14, 19, 30, 17, 21, 37, 17, 0, 20, 17, 25, 23, 20, 24, 29, 17, 17, 0, 9, 19, 19, 16, 20, 26, 10, 18, 7, 0]
[0, 0, 0, 6, 6, 8, 9, 9, 9, 11, 13, 13, 13, 14, 14, 16, 16, 17, 17, 17, 18, 18, 19, 21, 23, 24, 25, 25, 26, 12, 0, 26, 11, 14, 27, 21, 24, 11, 16, 22, 0, 22, 31, 31, 29, 12, 20, 11, 11, 27, 0, 18, 17, 14, 19, 30, 17, 21, 37, 17, 0, 20, 17, 25, 23, 20, 24, 29, 17, 17, 0, 9, 19, 19, 16, 20, 26, 10, 18, 7, 0]
[0, 0, 0, 6, 6, 8, 9, 9, 9, 11, 12, 13, 13, 13, 14, 14, 16, 16, 17, 17, 17, 18, 18, 19, 21, 23, 24, 25, 25, 26, 0, 26, 11, 14, 27, 21, 24, 11, 16, 22, 0, 22, 31, 31, 29, 12, 20, 11, 11, 27, 0, 18, 17, 14, 19, 30, 17, 21, 37, 17, 0, 20, 17, 25, 23, 20, 24, 29, 17, 17, 0, 9, 19, 19, 16, 20, 26, 10, 18, 7, 0]
[0, 0, 0, 0, 6, 6, 8, 9, 9, 9, 11, 12, 13, 13, 13, 14, 14, 16, 16, 17, 17, 17, 18, 18, 19, 21, 23, 24, 25, 25, 26, 26, 11, 14, 27, 21, 24, 11, 16, 22, 0, 22, 31, 31, 29, 12, 20, 11, 11, 27, 0, 18, 17, 14, 19, 30, 17, 21, 37, 17, 0, 20, 17, 25, 23, 20, 24, 29, 17, 17, 0, 9, 19, 19, 16, 20, 26, 10, 18, 7, 0]
[0, 0, 0, 0, 6, 6, 8, 9, 9, 9, 11, 12, 13, 13, 13, 14, 14, 16, 16, 17, 17, 17, 18, 18, 19, 21, 23, 24, 25, 25, 26, 26, 11, 14, 27, 21, 24, 11, 16, 22, 0, 22, 31, 31, 29, 12, 20, 11, 11, 27, 0, 18, 17, 14, 19, 30, 17, 21, 37, 17, 0, 20, 17, 25, 23, 20, 24, 29, 17, 17, 0, 9, 19, 19, 16, 20, 26, 10, 18, 7, 0]
[0, 0, 0, 0, 6, 6, 8, 9, 9, 9, 11, 11, 12, 13, 13, 13, 14, 14, 16, 16, 17, 17, 17, 18, 18, 19, 21, 23, 24, 25, 25, 26, 26, 14, 27, 21, 24, 11, 16, 22, 0, 22, 31, 31, 29, 12, 20, 11, 11, 27, 0, 18, 17, 14, 19, 30, 17, 21, 37, 17, 0, 20, 17, 25, 23, 20, 24, 29, 17, 17, 0, 9, 19, 19, 16, 20, 26, 10, 18, 7, 0]
[0, 0, 0, 0, 6, 6, 8, 9, 9, 9, 11, 11, 12, 13, 13, 13, 14, 14, 14, 16, 16, 17, 17, 17, 18, 18, 19, 21, 23, 24, 25, 25, 26, 26, 27, 21, 24, 11, 16, 22, 0, 22, 31, 31, 29, 12, 20, 11, 11, 27, 0, 18, 17, 14, 19, 30, 17, 21, 37, 17, 0, 20, 17, 25, 23, 20, 24, 29, 17, 17, 0, 9, 19, 19, 16, 20, 26, 10, 18, 7, 0]
[0, 0, 0, 0, 6, 6, 8, 9, 9, 9, 11, 11, 12, 13, 13, 13, 14, 14, 14, 16, 16, 17, 17, 17, 18, 18, 19, 21, 23, 24, 25, 25, 26, 26, 27, 21, 24, 11, 16, 22, 0, 22, 31, 31, 29, 12, 20, 11, 11, 27, 0, 18, 17, 14, 19, 30, 17, 21, 37, 17, 0, 20, 17, 25, 23, 20, 24, 29, 17, 17, 0, 9, 19, 19, 16, 20, 26, 10, 18, 7, 0]
[0, 0, 0, 0, 6, 6, 8, 9, 9, 9, 11, 11, 12, 13, 13, 13, 14, 14, 14, 16, 16, 17, 17, 17, 18, 18, 19, 21, 21, 23, 24, 25, 25, 26, 26, 27, 24, 11, 16, 22, 0, 22, 31, 31, 29, 12, 20, 11, 11, 27, 0, 18, 17, 14, 19, 30, 17, 21, 37, 17, 0, 20, 17, 25, 23, 20, 24, 29, 17, 17, 0, 9, 19, 19, 16, 20, 26, 10, 18, 7, 0]
[0, 0, 0, 0, 6, 6, 8, 9, 9, 9, 11, 11, 12, 13, 13, 13, 14, 14, 14, 16, 16, 17, 17, 17, 18, 18, 19, 21, 21, 23, 24, 24, 25, 25, 26, 26, 27, 11, 16, 22, 0, 22, 31, 31, 29, 12, 20, 11, 11, 27, 0, 18, 17, 14, 19, 30, 17, 21, 37, 17, 0, 20, 17, 25, 23, 20, 24, 29, 17, 17, 0, 9, 19, 19, 16, 20, 26, 10, 18, 7, 0]
[0, 0, 0, 0, 6, 6, 8, 9, 9, 9, 11, 11, 11, 12, 13, 13, 13, 14, 14, 14, 16, 16, 17, 17, 17, 18, 18, 19, 21, 21, 23, 24, 24, 25, 25, 26, 26, 27, 16, 22, 0, 22, 31, 31, 29, 12, 20, 11, 11, 27, 0, 18, 17, 14, 19, 30, 17, 21, 37, 17, 0, 20, 17, 25, 23, 20, 24, 29, 17, 17, 0, 9, 19, 19, 16, 20, 26, 10, 18, 7, 0]
[0, 0, 0, 0, 6, 6, 8, 9, 9, 9, 11, 11, 11, 12, 13, 13, 13, 14, 14, 14, 16, 16, 16, 17, 17, 17, 18, 18, 19, 21, 21, 23, 24, 24, 25, 25, 26, 26, 27, 22, 0, 22, 31, 31, 29, 12, 20, 11, 11, 27, 0, 18, 17, 14, 19, 30, 17, 21, 37, 17, 0, 20, 17, 25, 23, 20, 24, 29, 17, 17, 0, 9, 19, 19, 16, 20, 26, 10, 18, 7, 0]
[0, 0, 0, 0, 6, 6, 8, 9, 9, 9, 11, 11, 11, 12, 13, 13, 13, 14, 14, 14, 16, 16, 16, 17, 17, 17, 18, 18, 19, 21, 21, 22, 23, 24, 24, 25, 25, 26, 26, 27, 0, 22, 31, 31, 29, 12, 20, 11, 11, 27, 0, 18, 17, 14, 19, 30, 17, 21, 37, 17, 0, 20, 17, 25, 23, 20, 24, 29, 17, 17, 0, 9, 19, 19, 16, 20, 26, 10, 18, 7, 0]
[0, 0, 0, 0, 0, 6, 6, 8, 9, 9, 9, 11, 11, 11, 12, 13, 13, 13, 14, 14, 14, 16, 16, 16, 17, 17, 17, 18, 18, 19, 21, 21, 22, 23, 24, 24, 25, 25, 26, 26, 27, 22, 31, 31, 29, 12, 20, 11, 11, 27, 0, 18, 17, 14, 19, 30, 17, 21, 37, 17, 0, 20, 17, 25, 23, 20, 24, 29, 17, 17, 0, 9, 19, 19, 16, 20, 26, 10, 18, 7, 0]
[0, 0, 0, 0, 0, 6, 6, 8, 9, 9, 9, 11, 11, 11, 12, 13, 13, 13, 14, 14, 14, 16, 16, 16, 17, 17, 17, 18, 18, 19, 21, 21, 22, 22, 23, 24, 24, 25, 25, 26, 26, 27, 31, 31, 29, 12, 20, 11, 11, 27, 0, 18, 17, 14, 19, 30, 17, 21, 37, 17, 0, 20, 17, 25, 23, 20, 24, 29, 17, 17, 0, 9, 19, 19, 16, 20, 26, 10, 18, 7, 0]
[0, 0, 0, 0, 0, 6, 6, 8, 9, 9, 9, 11, 11, 11, 12, 13, 13, 13, 14, 14, 14, 16, 16, 16, 17, 17, 17, 18, 18, 19, 21, 21, 22, 22, 23, 24, 24, 25, 25, 26, 26, 27, 31, 31, 29, 12, 20, 11, 11, 27, 0, 18, 17, 14, 19, 30, 17, 21, 37, 17, 0, 20, 17, 25, 23, 20, 24, 29, 17, 17, 0, 9, 19, 19, 16, 20, 26, 10, 18, 7, 0]
[0, 0, 0, 0, 0, 6, 6, 8, 9, 9, 9, 11, 11, 11, 12, 13, 13, 13, 14, 14, 14, 16, 16, 16, 17, 17, 17, 18, 18, 19, 21, 21, 22, 22, 23, 24, 24, 25, 25, 26, 26, 27, 31, 31, 29, 12, 20, 11, 11, 27, 0, 18, 17, 14, 19, 30, 17, 21, 37, 17, 0, 20, 17, 25, 23, 20, 24, 29, 17, 17, 0, 9, 19, 19, 16, 20, 26, 10, 18, 7, 0]
[0, 0, 0, 0, 0, 6, 6, 8, 9, 9, 9, 11, 11, 11, 12, 13, 13, 13, 14, 14, 14, 16, 16, 16, 17, 17, 17, 18, 18, 19, 21, 21, 22, 22, 23, 24, 24, 25, 25, 26, 26, 27, 29, 31, 31, 12, 20, 11, 11, 27, 0, 18, 17, 14, 19, 30, 17, 21, 37, 17, 0, 20, 17, 25, 23, 20, 24, 29, 17, 17, 0, 9, 19, 19, 16, 20, 26, 10, 18, 7, 0]
[0, 0, 0, 0, 0, 6, 6, 8, 9, 9, 9, 11, 11, 11, 12, 12, 13, 13, 13, 14, 14, 14, 16, 16, 16, 17, 17, 17, 18, 18, 19, 21, 21, 22, 22, 23, 24, 24, 25, 25, 26, 26, 27, 29, 31, 31, 20, 11, 11, 27, 0, 18, 17, 14, 19, 30, 17, 21, 37, 17, 0, 20, 17, 25, 23, 20, 24, 29, 17, 17, 0, 9, 19, 19, 16, 20, 26, 10, 18, 7, 0]
[0, 0, 0, 0, 0, 6, 6, 8, 9, 9, 9, 11, 11, 11, 12, 12, 13, 13, 13, 14, 14, 14, 16, 16, 16, 17, 17, 17, 18, 18, 19, 20, 21, 21, 22, 22, 23, 24, 24, 25, 25, 26, 26, 27, 29, 31, 31, 11, 11, 27, 0, 18, 17, 14, 19, 30, 17, 21, 37, 17, 0, 20, 17, 25, 23, 20, 24, 29, 17, 17, 0, 9, 19, 19, 16, 20, 26, 10, 18, 7, 0]
[0, 0, 0, 0, 0, 6, 6, 8, 9, 9, 9, 11, 11, 11, 11, 12, 12, 13, 13, 13, 14, 14, 14, 16, 16, 16, 17, 17, 17, 18, 18, 19, 20, 21, 21, 22, 22, 23, 24, 24, 25, 25, 26, 26, 27, 29, 31, 31, 11, 27, 0, 18, 17, 14, 19, 30, 17, 21, 37, 17, 0, 20, 17, 25, 23, 20, 24, 29, 17, 17, 0, 9, 19, 19, 16, 20, 26, 10, 18, 7, 0]
[0, 0, 0, 0, 0, 6, 6, 8, 9, 9, 9, 11, 11, 11, 11, 11, 12, 12, 13, 13, 13, 14, 14, 14, 16, 16, 16, 17, 17, 17, 18, 18, 19, 20, 21, 21, 22, 22, 23, 24, 24, 25, 25, 26, 26, 27, 29, 31, 31, 27, 0, 18, 17, 14, 19, 30, 17, 21, 37, 17, 0, 20, 17, 25, 23, 20, 24, 29, 17, 17, 0, 9, 19, 19, 16, 20, 26, 10, 18, 7, 0]
[0, 0, 0, 0, 0, 6, 6, 8, 9, 9, 9, 11, 11, 11, 11, 11, 12, 12, 13, 13, 13, 14, 14, 14, 16, 16, 16, 17, 17, 17, 18, 18, 19, 20, 21, 21, 22, 22, 23, 24, 24, 25, 25, 26, 26, 27, 27, 29, 31, 31, 0, 18, 17, 14, 19, 30, 17, 21, 37, 17, 0, 20, 17, 25, 23, 20, 24, 29, 17, 17, 0, 9, 19, 19, 16, 20, 26, 10, 18, 7, 0]
[0, 0, 0, 0, 0, 0, 6, 6, 8, 9, 9, 9, 11, 11, 11, 11, 11, 12, 12, 13, 13, 13, 14, 14, 14, 16, 16, 16, 17, 17, 17, 18, 18, 19, 20, 21, 21, 22, 22, 23, 24, 24, 25, 25, 26, 26, 27, 27, 29, 31, 31, 18, 17, 14, 19, 30, 17, 21, 37, 17, 0, 20, 17, 25, 23, 20, 24, 29, 17, 17, 0, 9, 19, 19, 16, 20, 26, 10, 18, 7, 0]
[0, 0, 0, 0, 0, 0, 6, 6, 8, 9, 9, 9, 11, 11, 11, 11, 11, 12, 12, 13, 13, 13, 14, 14, 14, 16, 16, 16, 17, 17, 17, 18, 18, 18, 19, 20, 21, 21, 22, 22, 23, 24, 24, 25, 25, 26, 26, 27, 27, 29, 31, 31, 17, 14, 19, 30, 17, 21, 37, 17, 0, 20, 17, 25, 23, 20, 24, 29, 17, 17, 0, 9, 19, 19, 16, 20, 26, 10, 18, 7, 0]
[0, 0, 0, 0, 0, 0, 6, 6, 8, 9, 9, 9, 11, 11, 11, 11, 11, 12, 12, 13, 13, 13, 14, 14, 14, 16, 16, 16, 17, 17, 17, 17, 18, 18, 18, 19, 20, 21, 21, 22, 22, 23, 24, 24, 25, 25, 26, 26, 27, 27, 29, 31, 31, 14, 19, 30, 17, 21, 37, 17, 0, 20, 17, 25, 23, 20, 24, 29, 17, 17, 0, 9, 19, 19, 16, 20, 26, 10, 18, 7, 0]
[0, 0, 0, 0, 0, 0, 6, 6, 8, 9, 9, 9, 11, 11, 11, 11, 11, 12, 12, 13, 13, 13, 14, 14, 14, 14, 16, 16, 16, 17, 17, 17, 17, 18, 18, 18, 19, 20, 21, 21, 22, 22, 23, 24, 24, 25, 25, 26, 26, 27, 27, 29, 31, 31, 19, 30, 17, 21, 37, 17, 0, 20, 17, 25, 23, 20, 24, 29, 17, 17, 0, 9, 19, 19, 16, 20, 26, 10, 18, 7, 0]
[0, 0, 0, 0, 0, 0, 6, 6, 8, 9, 9, 9, 11, 11, 11, 11, 11, 12, 12, 13, 13, 13, 14, 14, 14, 14, 16, 16, 16, 17, 17, 17, 17, 18, 18, 18, 19, 19, 20, 21, 21, 22, 22, 23, 24, 24, 25, 25, 26, 26, 27, 27, 29, 31, 31, 30, 17, 21, 37, 17, 0, 20, 17, 25, 23, 20, 24, 29, 17, 17, 0, 9, 19, 19, 16, 20, 26, 10, 18, 7, 0]
[0, 0, 0, 0, 0, 0, 6, 6, 8, 9, 9, 9, 11, 11, 11, 11, 11, 12, 12, 13, 13, 13, 14, 14, 14, 14, 16, 16, 16, 17, 17, 17, 17, 18, 18, 18, 19, 19, 20, 21, 21, 22, 22, 23, 24, 24, 25, 25, 26, 26, 27, 27, 29, 30, 31, 31, 17, 21, 37, 17, 0, 20, 17, 25, 23, 20, 24, 29, 17, 17, 0, 9, 19, 19, 16, 20, 26, 10, 18, 7, 0]
[0, 0, 0, 0, 0, 0, 6, 6, 8, 9, 9, 9, 11, 11, 11, 11, 11, 12, 12, 13, 13, 13, 14, 14, 14, 14, 16, 16, 16, 17, 17, 17, 17, 17, 18, 18, 18, 19, 19, 20, 21, 21, 22, 22, 23, 24, 24, 25, 25, 26, 26, 27, 27, 29, 30, 31, 31, 21, 37, 17, 0, 20, 17, 25, 23, 20, 24, 29, 17, 17, 0, 9, 19, 19, 16, 20, 26, 10, 18, 7, 0]
[0, 0, 0, 0, 0, 0, 6, 6, 8, 9, 9, 9, 11, 11, 11, 11, 11, 12, 12, 13, 13, 13, 14, 14, 14, 14, 16, 16, 16, 17, 17, 17, 17, 17, 18, 18, 18, 19, 19, 20, 21, 21, 21, 22, 22, 23, 24, 24, 25, 25, 26, 26, 27, 27, 29, 30, 31, 31, 37, 17, 0, 20, 17, 25, 23, 20, 24, 29, 17, 17, 0, 9, 19, 19, 16, 20, 26, 10, 18, 7, 0]
[0, 0, 0, 0, 0, 0, 6, 6, 8, 9, 9, 9, 11, 11, 11, 11, 11, 12, 12, 13, 13, 13, 14, 14, 14, 14, 16, 16, 16, 17, 17, 17, 17, 17, 18, 18, 18, 19, 19, 20, 21, 21, 21, 22, 22, 23, 24, 24, 25, 25, 26, 26, 27, 27, 29, 30, 31, 31, 37, 17, 0, 20, 17, 25, 23, 20, 24, 29, 17, 17, 0, 9, 19, 19, 16, 20, 26, 10, 18, 7, 0]
[0, 0, 0, 0, 0, 0, 6, 6, 8, 9, 9, 9, 11, 11, 11, 11, 11, 12, 12, 13, 13, 13, 14, 14, 14, 14, 16, 16, 16, 17, 17, 17, 17, 17, 17, 18, 18, 18, 19, 19, 20, 21, 21, 21, 22, 22, 23, 24, 24, 25, 25, 26, 26, 27, 27, 29, 30, 31, 31, 37, 0, 20, 17, 25, 23, 20, 24, 29, 17, 17, 0, 9, 19, 19, 16, 20, 26, 10, 18, 7, 0]
[0, 0, 0, 0, 0, 0, 0, 6, 6, 8, 9, 9, 9, 11, 11, 11, 11, 11, 12, 12, 13, 13, 13, 14, 14, 14, 14, 16, 16, 16, 17, 17, 17, 17, 17, 17, 18, 18, 18, 19, 19, 20, 21, 21, 21, 22, 22, 23, 24, 24, 25, 25, 26, 26, 27, 27, 29, 30, 31, 31, 37, 20, 17, 25, 23, 20, 24, 29, 17, 17, 0, 9, 19, 19, 16, 20, 26, 10, 18, 7, 0]
[0, 0, 0, 0, 0, 0, 0, 6, 6, 8, 9, 9, 9, 11, 11, 11, 11, 11, 12, 12, 13, 13, 13, 14, 14, 14, 14, 16, 16, 16, 17, 17, 17, 17, 17, 17, 18, 18, 18, 19, 19, 20, 20, 21, 21, 21, 22, 22, 23, 24, 24, 25, 25, 26, 26, 27, 27, 29, 30, 31, 31, 37, 17, 25, 23, 20, 24, 29, 17, 17, 0, 9, 19, 19, 16, 20, 26, 10, 18, 7, 0]
[0, 0, 0, 0, 0, 0, 0, 6, 6, 8, 9, 9, 9, 11, 11, 11, 11, 11, 12, 12, 13, 13, 13, 14, 14, 14, 14, 16, 16, 16, 17, 17, 17, 17, 17, 17, 17, 18, 18, 18, 19, 19, 20, 20, 21, 21, 21, 22, 22, 23, 24, 24, 25, 25, 26, 26, 27, 27, 29, 30, 31, 31, 37, 25, 23, 20, 24, 29, 17, 17, 0, 9, 19, 19, 16, 20, 26, 10, 18, 7, 0]
[0, 0, 0, 0, 0, 0, 0, 6, 6, 8, 9, 9, 9, 11, 11, 11, 11, 11, 12, 12, 13, 13, 13, 14, 14, 14, 14, 16, 16, 16, 17, 17, 17, 17, 17, 17, 17, 18, 18, 18, 19, 19, 20, 20, 21, 21, 21, 22, 22, 23, 24, 24, 25, 25, 25, 26, 26, 27, 27, 29, 30, 31, 31, 37, 23, 20, 24, 29, 17, 17, 0, 9, 19, 19, 16, 20, 26, 10, 18, 7, 0]
[0, 0, 0, 0, 0, 0, 0, 6, 6, 8, 9, 9, 9, 11, 11, 11, 11, 11, 12, 12, 13, 13, 13, 14, 14, 14, 14, 16, 16, 16, 17, 17, 17, 17, 17, 17, 17, 18, 18, 18, 19, 19, 20, 20, 21, 21, 21, 22, 22, 23, 23, 24, 24, 25, 25, 25, 26, 26, 27, 27, 29, 30, 31, 31, 37, 20, 24, 29, 17, 17, 0, 9, 19, 19, 16, 20, 26, 10, 18, 7, 0]
[0, 0, 0, 0, 0, 0, 0, 6, 6, 8, 9, 9, 9, 11, 11, 11, 11, 11, 12, 12, 13, 13, 13, 14, 14, 14, 14, 16, 16, 16, 17, 17, 17, 17, 17, 17, 17, 18, 18, 18, 19, 19, 20, 20, 20, 21, 21, 21, 22, 22, 23, 23, 24, 24, 25, 25, 25, 26, 26, 27, 27, 29, 30, 31, 31, 37, 24, 29, 17, 17, 0, 9, 19, 19, 16, 20, 26, 10, 18, 7, 0]
[0, 0, 0, 0, 0, 0, 0, 6, 6, 8, 9, 9, 9, 11, 11, 11, 11, 11, 12, 12, 13, 13, 13, 14, 14, 14, 14, 16, 16, 16, 17, 17, 17, 17, 17, 17, 17, 18, 18, 18, 19, 19, 20, 20, 20, 21, 21, 21, 22, 22, 23, 23, 24, 24, 24, 25, 25, 25, 26, 26, 27, 27, 29, 30, 31, 31, 37, 29, 17, 17, 0, 9, 19, 19, 16, 20, 26, 10, 18, 7, 0]
[0, 0, 0, 0, 0, 0, 0, 6, 6, 8, 9, 9, 9, 11, 11, 11, 11, 11, 12, 12, 13, 13, 13, 14, 14, 14, 14, 16, 16, 16, 17, 17, 17, 17, 17, 17, 17, 18, 18, 18, 19, 19, 20, 20, 20, 21, 21, 21, 22, 22, 23, 23, 24, 24, 24, 25, 25, 25, 26, 26, 27, 27, 29, 29, 30, 31, 31, 37, 17, 17, 0, 9, 19, 19, 16, 20, 26, 10, 18, 7, 0]
[0, 0, 0, 0, 0, 0, 0, 6, 6, 8, 9, 9, 9, 11, 11, 11, 11, 11, 12, 12, 13, 13, 13, 14, 14, 14, 14, 16, 16, 16, 17, 17, 17, 17, 17, 17, 17, 17, 18, 18, 18, 19, 19, 20, 20, 20, 21, 21, 21, 22, 22, 23, 23, 24, 24, 24, 25, 25, 25, 26, 26, 27, 27, 29, 29, 30, 31, 31, 37, 17, 0, 9, 19, 19, 16, 20, 26, 10, 18, 7, 0]
[0, 0, 0, 0, 0, 0, 0, 6, 6, 8, 9, 9, 9, 11, 11, 11, 11, 11, 12, 12, 13, 13, 13, 14, 14, 14, 14, 16, 16, 16, 17, 17, 17, 17, 17, 17, 17, 17, 17, 18, 18, 18, 19, 19, 20, 20, 20, 21, 21, 21, 22, 22, 23, 23, 24, 24, 24, 25, 25, 25, 26, 26, 27, 27, 29, 29, 30, 31, 31, 37, 0, 9, 19, 19, 16, 20, 26, 10, 18, 7, 0]
[0, 0, 0, 0, 0, 0, 0, 0, 6, 6, 8, 9, 9, 9, 11, 11, 11, 11, 11, 12, 12, 13, 13, 13, 14, 14, 14, 14, 16, 16, 16, 17, 17, 17, 17, 17, 17, 17, 17, 17, 18, 18, 18, 19, 19, 20, 20, 20, 21, 21, 21, 22, 22, 23, 23, 24, 24, 24, 25, 25, 25, 26, 26, 27, 27, 29, 29, 30, 31, 31, 37, 9, 19, 19, 16, 20, 26, 10, 18, 7, 0]
[0, 0, 0, 0, 0, 0, 0, 0, 6, 6, 8, 9, 9, 9, 9, 11, 11, 11, 11, 11, 12, 12, 13, 13, 13, 14, 14, 14, 14, 16, 16, 16, 17, 17, 17, 17, 17, 17, 17, 17, 17, 18, 18, 18, 19, 19, 20, 20, 20, 21, 21, 21, 22, 22, 23, 23, 24, 24, 24, 25, 25, 25, 26, 26, 27, 27, 29, 29, 30, 31, 31, 37, 19, 19, 16, 20, 26, 10, 18, 7, 0]
[0, 0, 0, 0, 0, 0, 0, 0, 6, 6, 8, 9, 9, 9, 9, 11, 11, 11, 11, 11, 12, 12, 13, 13, 13, 14, 14, 14, 14, 16, 16, 16, 17, 17, 17, 17, 17, 17, 17, 17, 17, 18, 18, 18, 19, 19, 19, 20, 20, 20, 21, 21, 21, 22, 22, 23, 23, 24, 24, 24, 25, 25, 25, 26, 26, 27, 27, 29, 29, 30, 31, 31, 37, 19, 16, 20, 26, 10, 18, 7, 0]
[0, 0, 0, 0, 0, 0, 0, 0, 6, 6, 8, 9, 9, 9, 9, 11, 11, 11, 11, 11, 12, 12, 13, 13, 13, 14, 14, 14, 14, 16, 16, 16, 17, 17, 17, 17, 17, 17, 17, 17, 17, 18, 18, 18, 19, 19, 19, 19, 20, 20, 20, 21, 21, 21, 22, 22, 23, 23, 24, 24, 24, 25, 25, 25, 26, 26, 27, 27, 29, 29, 30, 31, 31, 37, 16, 20, 26, 10, 18, 7, 0]
[0, 0, 0, 0, 0, 0, 0, 0, 6, 6, 8, 9, 9, 9, 9, 11, 11, 11, 11, 11, 12, 12, 13, 13, 13, 14, 14, 14, 14, 16, 16, 16, 16, 17, 17, 17, 17, 17, 17, 17, 17, 17, 18, 18, 18, 19, 19, 19, 19, 20, 20, 20, 21, 21, 21, 22, 22, 23, 23, 24, 24, 24, 25, 25, 25, 26, 26, 27, 27, 29, 29, 30, 31, 31, 37, 20, 26, 10, 18, 7, 0]
[0, 0, 0, 0, 0, 0, 0, 0, 6, 6, 8, 9, 9, 9, 9, 11, 11, 11, 11, 11, 12, 12, 13, 13, 13, 14, 14, 14, 14, 16, 16, 16, 16, 17, 17, 17, 17, 17, 17, 17, 17, 17, 18, 18, 18, 19, 19, 19, 19, 20, 20, 20, 20, 21, 21, 21, 22, 22, 23, 23, 24, 24, 24, 25, 25, 25, 26, 26, 27, 27, 29, 29, 30, 31, 31, 37, 26, 10, 18, 7, 0]
[0, 0, 0, 0, 0, 0, 0, 0, 6, 6, 8, 9, 9, 9, 9, 11, 11, 11, 11, 11, 12, 12, 13, 13, 13, 14, 14, 14, 14, 16, 16, 16, 16, 17, 17, 17, 17, 17, 17, 17, 17, 17, 18, 18, 18, 19, 19, 19, 19, 20, 20, 20, 20, 21, 21, 21, 22, 22, 23, 23, 24, 24, 24, 25, 25, 25, 26, 26, 26, 27, 27, 29, 29, 30, 31, 31, 37, 10, 18, 7, 0]
[0, 0, 0, 0, 0, 0, 0, 0, 6, 6, 8, 9, 9, 9, 9, 10, 11, 11, 11, 11, 11, 12, 12, 13, 13, 13, 14, 14, 14, 14, 16, 16, 16, 16, 17, 17, 17, 17, 17, 17, 17, 17, 17, 18, 18, 18, 19, 19, 19, 19, 20, 20, 20, 20, 21, 21, 21, 22, 22, 23, 23, 24, 24, 24, 25, 25, 25, 26, 26, 26, 27, 27, 29, 29, 30, 31, 31, 37, 18, 7, 0]
[0, 0, 0, 0, 0, 0, 0, 0, 6, 6, 8, 9, 9, 9, 9, 10, 11, 11, 11, 11, 11, 12, 12, 13, 13, 13, 14, 14, 14, 14, 16, 16, 16, 16, 17, 17, 17, 17, 17, 17, 17, 17, 17, 18, 18, 18, 18, 19, 19, 19, 19, 20, 20, 20, 20, 21, 21, 21, 22, 22, 23, 23, 24, 24, 24, 25, 25, 25, 26, 26, 26, 27, 27, 29, 29, 30, 31, 31, 37, 7, 0]
[0, 0, 0, 0, 0, 0, 0, 0, 6, 6, 7, 8, 9, 9, 9, 9, 10, 11, 11, 11, 11, 11, 12, 12, 13, 13, 13, 14, 14, 14, 14, 16, 16, 16, 16, 17, 17, 17, 17, 17, 17, 17, 17, 17, 18, 18, 18, 18, 19, 19, 19, 19, 20, 20, 20, 20, 21, 21, 21, 22, 22, 23, 23, 24, 24, 24, 25, 25, 25, 26, 26, 26, 27, 27, 29, 29, 30, 31, 31, 37, 0]
[0, 0, 0, 0, 0, 0, 0, 0, 0, 6, 6, 7, 8, 9, 9, 9, 9, 10, 11, 11, 11, 11, 11, 12, 12, 13, 13, 13, 14, 14, 14, 14, 16, 16, 16, 16, 17, 17, 17, 17, 17, 17, 17, 17, 17, 18, 18, 18, 18, 19, 19, 19, 19, 20, 20, 20, 20, 21, 21, 21, 22, 22, 23, 23, 24, 24, 24, 25, 25, 25, 26, 26, 26, 27, 27, 29, 29, 30, 31, 31, 37]
Tempo:5.325466

