APS - 4 SEMESTRE
-------------------------Listas---------------------------
Lista de Tempo: 
[0, 17, 14, 13, 24, 11, 16, 23, 18, 17, 0, 14, 16, 9, 19, 25, 25, 26, 9, 6, 0, 9, 13, 8, 21, 17, 13, 6, 18, 12, 0, 26, 11, 14, 27, 21, 24, 11, 16, 22, 0, 22, 31, 31, 29, 12, 20, 11, 11, 27, 0, 18, 17, 14, 19, 30, 17, 21, 37, 17, 0, 20, 17, 25, 23, 20, 24, 29, 17, 17, 0, 9, 19, 19, 16, 20, 26, 10, 18, 7, 0]
------------Merge Sort-------------------------------
[0]
[13]
[13]
[13, 14]
[0]
[0, 13]
[0, 13, 14]
[0, 13, 14, 17]
[11]
[17]
[17]
[17, 18]
[11]
[11, 16]
[0]
[0, 11]
[0, 11, 13]
[0, 11, 13, 14]
[0, 11, 13, 14, 16]
[0, 11, 13, 14, 16, 17]
[0, 11, 13, 14, 16, 17, 17]
[0, 11, 13, 14, 16, 17, 17, 18]
[0, 11, 13, 14, 16, 17, 17, 18, 23]
[0]
[9]
[9]
[9, 16]
[0]
[0, 9]
[0, 9, 14]
[25]
[6]
[6]
[6, 9]
[6]
[6, 9]
[6, 9, 25]
[6, 9, 25, 25]
[0]
[0, 6]
[0, 6, 9]
[0, 6, 9, 9]
[0, 6, 9, 9, 14]
[0, 6, 9, 9, 14, 16]
[0, 6, 9, 9, 14, 16, 19]
[0]
[0, 0]
[0, 0, 6]
[0, 0, 6, 9]
[0, 0, 6, 9, 9]
[0, 0, 6, 9, 9, 11]
[0, 0, 6, 9, 9, 11, 13]
[0, 0, 6, 9, 9, 11, 13, 14]
[0, 0, 6, 9, 9, 11, 13, 14, 14]
[0, 0, 6, 9, 9, 11, 13, 14, 14, 16]
[0, 0, 6, 9, 9, 11, 13, 14, 14, 16, 16]
[0, 0, 6, 9, 9, 11, 13, 14, 14, 16, 16, 17]
[0, 0, 6, 9, 9, 11, 13, 14, 14, 16, 16, 17, 17]
[0, 0, 6, 9, 9, 11, 13, 14, 14, 16, 16, 17, 17, 18]
[0, 0, 6, 9, 9, 11, 13, 14, 14, 16, 16, 17, 17, 18, 19]
[0, 0, 6, 9, 9, 11, 13, 14, 14, 16, 16, 17, 17, 18, 19, 23]
[0, 0, 6, 9, 9, 11, 13, 14, 14, 16, 16, 17, 17, 18, 19, 23, 24]
[0]
[8]
[8]
[8, 13]
[0]
[0, 8]
[0, 8, 9]
[13]
[12]
[6]
[6]
[6, 12]
[6, 12, 13]
[6, 12, 13, 17]
[0]
[0, 6]
[0, 6, 8]
[0, 6, 8, 9]
[0, 6, 8, 9, 12]
[0, 6, 8, 9, 12, 13]
[0, 6, 8, 9, 12, 13, 13]
[0, 6, 8, 9, 12, 13, 13, 17]
[0, 6, 8, 9, 12, 13, 13, 17, 18]
[0]
[14]
[11]
[0]
[0, 11]
[0, 11, 14]
[0, 11, 14, 26]
[21]
[16]
[11]
[11]
[11, 16]
[11, 16, 21]
[11, 16, 21, 22]
[0]
[0, 11]
[0, 11, 11]
[0, 11, 11, 14]
[0, 11, 11, 14, 16]
[0, 11, 11, 14, 16, 21]
[0, 11, 11, 14, 16, 21, 22]
[0, 11, 11, 14, 16, 21, 22, 24]
[0]
[0, 0]
[0, 0, 6]
[0, 0, 6, 8]
[0, 0, 6, 8, 9]
[0, 0, 6, 8, 9, 11]
[0, 0, 6, 8, 9, 11, 11]
[0, 0, 6, 8, 9, 11, 11, 12]
[0, 0, 6, 8, 9, 11, 11, 12, 13]
[0, 0, 6, 8, 9, 11, 11, 12, 13, 13]
[0, 0, 6, 8, 9, 11, 11, 12, 13, 13, 14]
[0, 0, 6, 8, 9, 11, 11, 12, 13, 13, 14, 16]
[0, 0, 6, 8, 9, 11, 11, 12, 13, 13, 14, 16, 17]
[0, 0, 6, 8, 9, 11, 11, 12, 13, 13, 14, 16, 17, 18]
[0, 0, 6, 8, 9, 11, 11, 12, 13, 13, 14, 16, 17, 18, 21]
[0, 0, 6, 8, 9, 11, 11, 12, 13, 13, 14, 16, 17, 18, 21, 21]
[0]
[0, 0]
[0, 0, 0]
[0, 0, 0, 0]
[0, 0, 0, 0, 6]
[0, 0, 0, 0, 6, 6]
[0, 0, 0, 0, 6, 6, 8]
[0, 0, 0, 0, 6, 6, 8, 9]
[0, 0, 0, 0, 6, 6, 8, 9, 9]
[0, 0, 0, 0, 6, 6, 8, 9, 9, 9]
[0, 0, 0, 0, 6, 6, 8, 9, 9, 9, 11]
[0, 0, 0, 0, 6, 6, 8, 9, 9, 9, 11, 11]
[0, 0, 0, 0, 6, 6, 8, 9, 9, 9, 11, 11, 11]
[0, 0, 0, 0, 6, 6, 8, 9, 9, 9, 11, 11, 11, 12]
[0, 0, 0, 0, 6, 6, 8, 9, 9, 9, 11, 11, 11, 12, 13]
[0, 0, 0, 0, 6, 6, 8, 9, 9, 9, 11, 11, 11, 12, 13, 13]
[0, 0, 0, 0, 6, 6, 8, 9, 9, 9, 11, 11, 11, 12, 13, 13, 13]
[0, 0, 0, 0, 6, 6, 8, 9, 9, 9, 11, 11, 11, 12, 13, 13, 13, 14]
[0, 0, 0, 0, 6, 6, 8, 9, 9, 9, 11, 11, 11, 12, 13, 13, 13, 14, 14]
[0, 0, 0, 0, 6, 6, 8, 9, 9, 9, 11, 11, 11, 12, 13, 13, 13, 14, 14, 14]
[0, 0, 0, 0, 6, 6, 8, 9, 9, 9, 11, 11, 11, 12, 13, 13, 13, 14, 14, 14, 16]
[0, 0, 0, 0, 6, 6, 8, 9, 9, 9, 11, 11, 11, 12, 13, 13, 13, 14, 14, 14, 16, 16]
[0, 0, 0, 0, 6, 6, 8, 9, 9, 9, 11, 11, 11, 12, 13, 13, 13, 14, 14, 14, 16, 16, 16]
[0, 0, 0, 0, 6, 6, 8, 9, 9, 9, 11, 11, 11, 12, 13, 13, 13, 14, 14, 14, 16, 16, 16, 17]
[0, 0, 0, 0, 6, 6, 8, 9, 9, 9, 11, 11, 11, 12, 13, 13, 13, 14, 14, 14, 16, 16, 16, 17, 17]
[0, 0, 0, 0, 6, 6, 8, 9, 9, 9, 11, 11, 11, 12, 13, 13, 13, 14, 14, 14, 16, 16, 16, 17, 17, 17]
[0, 0, 0, 0, 6, 6, 8, 9, 9, 9, 11, 11, 11, 12, 13, 13, 13, 14, 14, 14, 16, 16, 16, 17, 17, 17, 18]
[0, 0, 0, 0, 6, 6, 8, 9, 9, 9, 11, 11, 11, 12, 13, 13, 13, 14, 14, 14, 16, 16, 16, 17, 17, 17, 18, 18]
[0, 0, 0, 0, 6, 6, 8, 9, 9, 9, 11, 11, 11, 12, 13, 13, 13, 14, 14, 14, 16, 16, 16, 17, 17, 17, 18, 18, 19]
[0, 0, 0, 0, 6, 6, 8, 9, 9, 9, 11, 11, 11, 12, 13, 13, 13, 14, 14, 14, 16, 16, 16, 17, 17, 17, 18, 18, 19, 21]
[0, 0, 0, 0, 6, 6, 8, 9, 9, 9, 11, 11, 11, 12, 13, 13, 13, 14, 14, 14, 16, 16, 16, 17, 17, 17, 18, 18, 19, 21, 21]
[0, 0, 0, 0, 6, 6, 8, 9, 9, 9, 11, 11, 11, 12, 13, 13, 13, 14, 14, 14, 16, 16, 16, 17, 17, 17, 18, 18, 19, 21, 21, 22]
[0, 0, 0, 0, 6, 6, 8, 9, 9, 9, 11, 11, 11, 12, 13, 13, 13, 14, 14, 14, 16, 16, 16, 17, 17, 17, 18, 18, 19, 21, 21, 22, 23]
[0, 0, 0, 0, 6, 6, 8, 9, 9, 9, 11, 11, 11, 12, 13, 13, 13, 14, 14, 14, 16, 16, 16, 17, 17, 17, 18, 18, 19, 21, 21, 22, 23, 24]
[0, 0, 0, 0, 6, 6, 8, 9, 9, 9, 11, 11, 11, 12, 13, 13, 13, 14, 14, 14, 16, 16, 16, 17, 17, 17, 18, 18, 19, 21, 21, 22, 23, 24, 24]
[0, 0, 0, 0, 6, 6, 8, 9, 9, 9, 11, 11, 11, 12, 13, 13, 13, 14, 14, 14, 16, 16, 16, 17, 17, 17, 18, 18, 19, 21, 21, 22, 23, 24, 24, 25]
[0, 0, 0, 0, 6, 6, 8, 9, 9, 9, 11, 11, 11, 12, 13, 13, 13, 14, 14, 14, 16, 16, 16, 17, 17, 17, 18, 18, 19, 21, 21, 22, 23, 24, 24, 25, 25]
[0, 0, 0, 0, 6, 6, 8, 9, 9, 9, 11, 11, 11, 12, 13, 13, 13, 14, 14, 14, 16, 16, 16, 17, 17, 17, 18, 18, 19, 21, 21, 22, 23, 24, 24, 25, 25, 26]
[0, 0, 0, 0, 6, 6, 8, 9, 9, 9, 11, 11, 11, 12, 13, 13, 13, 14, 14, 14, 16, 16, 16, 17, 17, 17, 18, 18, 19, 21, 21, 22, 23, 24, 24, 25, 25, 26, 26]
[0]
[29]
[29]
[29, 31]
[0]
[0, 22]
[12]
[11]
[11]
[11, 11]
[11]
[11, 11]
[11, 11, 12]
[11, 11, 12, 20]
[0]
[0, 11]
[0, 11, 11]
[0, 11, 11, 12]
[0, 11, 11, 12, 20]
[0, 11, 11, 12, 20, 22]
[0, 11, 11, 12, 20, 22, 27]
[0]
[14]
[14]
[14, 17]
[0]
[0, 14]
[0, 14, 17]
[0, 14, 17, 18]
[17]
[17]
[17]
[17, 21]
[17]
[17, 17]
[17, 17, 21]
[17, 17, 21, 30]
[0]
[0, 14]
[0, 14, 17]
[0, 14, 17, 17]
[0, 14, 17, 17, 17]
[0, 14, 17, 17, 17, 18]
[0, 14, 17, 17, 17, 18, 19]
[0]
[0, 0]
[0, 0, 11]
[0, 0, 11, 11]
[0, 0, 11, 11, 12]
[0, 0, 11, 11, 12, 14]
[0, 0, 11, 11, 12, 14, 17]
[0, 0, 11, 11, 12, 14, 17, 17]
[0, 0, 11, 11, 12, 14, 17, 17, 17]
[0, 0, 11, 11, 12, 14, 17, 17, 17, 18]
[0, 0, 11, 11, 12, 14, 17, 17, 17, 18, 19]
[0, 0, 11, 11, 12, 14, 17, 17, 17, 18, 19, 20]
[0, 0, 11, 11, 12, 14, 17, 17, 17, 18, 19, 20, 21]
[0, 0, 11, 11, 12, 14, 17, 17, 17, 18, 19, 20, 21, 22]
[0, 0, 11, 11, 12, 14, 17, 17, 17, 18, 19, 20, 21, 22, 27]
[0, 0, 11, 11, 12, 14, 17, 17, 17, 18, 19, 20, 21, 22, 27, 29]
[0, 0, 11, 11, 12, 14, 17, 17, 17, 18, 19, 20, 21, 22, 27, 29, 30]
[0, 0, 11, 11, 12, 14, 17, 17, 17, 18, 19, 20, 21, 22, 27, 29, 30, 31]
[0, 0, 11, 11, 12, 14, 17, 17, 17, 18, 19, 20, 21, 22, 27, 29, 30, 31, 31]
[0]
[23]
[17]
[0]
[0, 17]
[0, 17, 20]
[20]
[17]
[17]
[17, 17]
[17]
[17, 17]
[17, 17, 20]
[17, 17, 20, 24]
[0]
[0, 17]
[0, 17, 17]
[0, 17, 17, 17]
[0, 17, 17, 17, 20]
[0, 17, 17, 17, 20, 20]
[0, 17, 17, 17, 20, 20, 23]
[0, 17, 17, 17, 20, 20, 23, 24]
[0, 17, 17, 17, 20, 20, 23, 24, 25]
[0]
[16]
[16]
[16, 19]
[0]
[0, 9]
[10]
[10]
[10, 20]
[0]
[0]
[0, 7]
[0]
[0, 7]
[0, 7, 10]
[0, 7, 10, 18]
[0]
[0, 0]
[0, 0, 7]
[0, 0, 7, 9]
[0, 0, 7, 9, 10]
[0, 0, 7, 9, 10, 16]
[0, 0, 7, 9, 10, 16, 18]
[0, 0, 7, 9, 10, 16, 18, 19]
[0, 0, 7, 9, 10, 16, 18, 19, 19]
[0]
[0, 0]
[0, 0, 0]
[0, 0, 0, 7]
[0, 0, 0, 7, 9]
[0, 0, 0, 7, 9, 10]
[0, 0, 0, 7, 9, 10, 16]
[0, 0, 0, 7, 9, 10, 16, 17]
[0, 0, 0, 7, 9, 10, 16, 17, 17]
[0, 0, 0, 7, 9, 10, 16, 17, 17, 17]
[0, 0, 0, 7, 9, 10, 16, 17, 17, 17, 18]
[0, 0, 0, 7, 9, 10, 16, 17, 17, 17, 18, 19]
[0, 0, 0, 7, 9, 10, 16, 17, 17, 17, 18, 19, 19]
[0, 0, 0, 7, 9, 10, 16, 17, 17, 17, 18, 19, 19, 20]
[0, 0, 0, 7, 9, 10, 16, 17, 17, 17, 18, 19, 19, 20, 20]
[0, 0, 0, 7, 9, 10, 16, 17, 17, 17, 18, 19, 19, 20, 20, 20]
[0, 0, 0, 7, 9, 10, 16, 17, 17, 17, 18, 19, 19, 20, 20, 20, 23]
[0, 0, 0, 7, 9, 10, 16, 17, 17, 17, 18, 19, 19, 20, 20, 20, 23, 24]
[0, 0, 0, 7, 9, 10, 16, 17, 17, 17, 18, 19, 19, 20, 20, 20, 23, 24, 25]
[0, 0, 0, 7, 9, 10, 16, 17, 17, 17, 18, 19, 19, 20, 20, 20, 23, 24, 25, 26]
[0]
[0, 0]
[0, 0, 0]
[0, 0, 0, 0]
[0, 0, 0, 0, 0]
[0, 0, 0, 0, 0, 7]
[0, 0, 0, 0, 0, 7, 9]
[0, 0, 0, 0, 0, 7, 9, 10]
[0, 0, 0, 0, 0, 7, 9, 10, 11]
[0, 0, 0, 0, 0, 7, 9, 10, 11, 11]
[0, 0, 0, 0, 0, 7, 9, 10, 11, 11, 12]
[0, 0, 0, 0, 0, 7, 9, 10, 11, 11, 12, 14]
[0, 0, 0, 0, 0, 7, 9, 10, 11, 11, 12, 14, 16]
[0, 0, 0, 0, 0, 7, 9, 10, 11, 11, 12, 14, 16, 17]
[0, 0, 0, 0, 0, 7, 9, 10, 11, 11, 12, 14, 16, 17, 17]
[0, 0, 0, 0, 0, 7, 9, 10, 11, 11, 12, 14, 16, 17, 17, 17]
[0, 0, 0, 0, 0, 7, 9, 10, 11, 11, 12, 14, 16, 17, 17, 17, 17]
[0, 0, 0, 0, 0, 7, 9, 10, 11, 11, 12, 14, 16, 17, 17, 17, 17, 17]
[0, 0, 0, 0, 0, 7, 9, 10, 11, 11, 12, 14, 16, 17, 17, 17, 17, 17, 17]
[0, 0, 0, 0, 0, 7, 9, 10, 11, 11, 12, 14, 16, 17, 17, 17, 17, 17, 17, 18]
[0, 0, 0, 0, 0, 7, 9, 10, 11, 11, 12, 14, 16, 17, 17, 17, 17, 17, 17, 18, 18]
[0, 0, 0, 0, 0, 7, 9, 10, 11, 11, 12, 14, 16, 17, 17, 17, 17, 17, 17, 18, 18, 19]
[0, 0, 0, 0, 0, 7, 9, 10, 11, 11, 12, 14, 16, 17, 17, 17, 17, 17, 17, 18, 18, 19, 19]
[0, 0, 0, 0, 0, 7, 9, 10, 11, 11, 12, 14, 16, 17, 17, 17, 17, 17, 17, 18, 18, 19, 19, 19]
[0, 0, 0, 0, 0, 7, 9, 10, 11, 11, 12, 14, 16, 17, 17, 17, 17, 17, 17, 18, 18, 19, 19, 19, 20]
[0, 0, 0, 0, 0, 7, 9, 10, 11, 11, 12, 14, 16, 17, 17, 17, 17, 17, 17, 18, 18, 19, 19, 19, 20, 20]
[0, 0, 0, 0, 0, 7, 9, 10, 11, 11, 12, 14, 16, 17, 17, 17, 17, 17, 17, 18, 18, 19, 19, 19, 20, 20, 20]
[0, 0, 0, 0, 0, 7, 9, 10, 11, 11, 12, 14, 16, 17, 17, 17, 17, 17, 17, 18, 18, 19, 19, 19, 20, 20, 20, 20]
[0, 0, 0, 0, 0, 7, 9, 10, 11, 11, 12, 14, 16, 17, 17, 17, 17, 17, 17, 18, 18, 19, 19, 19, 20, 20, 20, 20, 21]
[0, 0, 0, 0, 0, 7, 9, 10, 11, 11, 12, 14, 16, 17, 17, 17, 17, 17, 17, 18, 18, 19, 19, 19, 20, 20, 20, 20, 21, 22]
[0, 0, 0, 0, 0, 7, 9, 10, 11, 11, 12, 14, 16, 17, 17, 17, 17, 17, 17, 18, 18, 19, 19, 19, 20, 20, 20, 20, 21, 22, 23]
[0, 0, 0, 0, 0, 7, 9, 10, 11, 11, 12, 14, 16, 17, 17, 17, 17, 17, 17, 18, 18, 19, 19, 19, 20, 20, 20, 20, 21, 22, 23, 24]
[0, 0, 0, 0, 0, 7, 9, 10, 11, 11, 12, 14, 16, 17, 17, 17, 17, 17, 17, 18, 18, 19, 19, 19, 20, 20, 20, 20, 21, 22, 23, 24, 25]
[0, 0, 0, 0, 0, 7, 9, 10, 11, 11, 12, 14, 16, 17, 17, 17, 17, 17, 17, 18, 18, 19, 19, 19, 20, 20, 20, 20, 21, 22, 23, 24, 25, 26]
[0, 0, 0, 0, 0, 7, 9, 10, 11, 11, 12, 14, 16, 17, 17, 17, 17, 17, 17, 18, 18, 19, 19, 19, 20, 20, 20, 20, 21, 22, 23, 24, 25, 26, 27]
[0, 0, 0, 0, 0, 7, 9, 10, 11, 11, 12, 14, 16, 17, 17, 17, 17, 17, 17, 18, 18, 19, 19, 19, 20, 20, 20, 20, 21, 22, 23, 24, 25, 26, 27, 29]
[0]
[0, 0]
[0, 0, 0]
[0, 0, 0, 0]
[0, 0, 0, 0, 0]
[0, 0, 0, 0, 0, 0]
[0, 0, 0, 0, 0, 0, 0]
[0, 0, 0, 0, 0, 0, 0, 0]
[0, 0, 0, 0, 0, 0, 0, 0, 0]
[0, 0, 0, 0, 0, 0, 0, 0, 0, 6]
[0, 0, 0, 0, 0, 0, 0, 0, 0, 6, 6]
[0, 0, 0, 0, 0, 0, 0, 0, 0, 6, 6, 7]
[0, 0, 0, 0, 0, 0, 0, 0, 0, 6, 6, 7, 8]
[0, 0, 0, 0, 0, 0, 0, 0, 0, 6, 6, 7, 8, 9]
[0, 0, 0, 0, 0, 0, 0, 0, 0, 6, 6, 7, 8, 9, 9]
[0, 0, 0, 0, 0, 0, 0, 0, 0, 6, 6, 7, 8, 9, 9, 9]
[0, 0, 0, 0, 0, 0, 0, 0, 0, 6, 6, 7, 8, 9, 9, 9, 9]
[0, 0, 0, 0, 0, 0, 0, 0, 0, 6, 6, 7, 8, 9, 9, 9, 9, 10]
[0, 0, 0, 0, 0, 0, 0, 0, 0, 6, 6, 7, 8, 9, 9, 9, 9, 10, 11]
[0, 0, 0, 0, 0, 0, 0, 0, 0, 6, 6, 7, 8, 9, 9, 9, 9, 10, 11, 11]
[0, 0, 0, 0, 0, 0, 0, 0, 0, 6, 6, 7, 8, 9, 9, 9, 9, 10, 11, 11, 11]
[0, 0, 0, 0, 0, 0, 0, 0, 0, 6, 6, 7, 8, 9, 9, 9, 9, 10, 11, 11, 11, 11]
[0, 0, 0, 0, 0, 0, 0, 0, 0, 6, 6, 7, 8, 9, 9, 9, 9, 10, 11, 11, 11, 11, 11]
[0, 0, 0, 0, 0, 0, 0, 0, 0, 6, 6, 7, 8, 9, 9, 9, 9, 10, 11, 11, 11, 11, 11, 12]
[0, 0, 0, 0, 0, 0, 0, 0, 0, 6, 6, 7, 8, 9, 9, 9, 9, 10, 11, 11, 11, 11, 11, 12, 12]
[0, 0, 0, 0, 0, 0, 0, 0, 0, 6, 6, 7, 8, 9, 9, 9, 9, 10, 11, 11, 11, 11, 11, 12, 12, 13]
[0, 0, 0, 0, 0, 0, 0, 0, 0, 6, 6, 7, 8, 9, 9, 9, 9, 10, 11, 11, 11, 11, 11, 12, 12, 13, 13]
[0, 0, 0, 0, 0, 0, 0, 0, 0, 6, 6, 7, 8, 9, 9, 9, 9, 10, 11, 11, 11, 11, 11, 12, 12, 13, 13, 13]
[0, 0, 0, 0, 0, 0, 0, 0, 0, 6, 6, 7, 8, 9, 9, 9, 9, 10, 11, 11, 11, 11, 11, 12, 12, 13, 13, 13, 14]
[0, 0, 0, 0, 0, 0, 0, 0, 0, 6, 6, 7, 8, 9, 9, 9, 9, 10, 11, 11, 11, 11, 11, 12, 12, 13, 13, 13, 14, 14]
[0, 0, 0, 0, 0, 0, 0, 0, 0, 6, 6, 7, 8, 9, 9, 9, 9, 10, 11, 11, 11, 11, 11, 12, 12, 13, 13, 13, 14, 14, 14]
[0, 0, 0, 0, 0, 0, 0, 0, 0, 6, 6, 7, 8, 9, 9, 9, 9, 10, 11, 11, 11, 11, 11, 12, 12, 13, 13, 13, 14, 14, 14, 14]
[0, 0, 0, 0, 0, 0, 0, 0, 0, 6, 6, 7, 8, 9, 9, 9, 9, 10, 11, 11, 11, 11, 11, 12, 12, 13, 13, 13, 14, 14, 14, 14, 16]
[0, 0, 0, 0, 0, 0, 0, 0, 0, 6, 6, 7, 8, 9, 9, 9, 9, 10, 11, 11, 11, 11, 11, 12, 12, 13, 13, 13, 14, 14, 14, 14, 16, 16]
[0, 0, 0, 0, 0, 0, 0, 0, 0, 6, 6, 7, 8, 9, 9, 9, 9, 10, 11, 11, 11, 11, 11, 12, 12, 13, 13, 13, 14, 14, 14, 14, 16, 16, 16]
[0, 0, 0, 0, 0, 0, 0, 0, 0, 6, 6, 7, 8, 9, 9, 9, 9, 10, 11, 11, 11, 11, 11, 12, 12, 13, 13, 13, 14, 14, 14, 14, 16, 16, 16, 16]
[0, 0, 0, 0, 0, 0, 0, 0, 0, 6, 6, 7, 8, 9, 9, 9, 9, 10, 11, 11, 11, 11, 11, 12, 12, 13, 13, 13, 14, 14, 14, 14, 16, 16, 16, 16, 17]
[0, 0, 0, 0, 0, 0, 0, 0, 0, 6, 6, 7, 8, 9, 9, 9, 9, 10, 11, 11, 11, 11, 11, 12, 12, 13, 13, 13, 14, 14, 14, 14, 16, 16, 16, 16, 17, 17]
[0, 0, 0, 0, 0, 0, 0, 0, 0, 6, 6, 7, 8, 9, 9, 9, 9, 10, 11, 11, 11, 11, 11, 12, 12, 13, 13, 13, 14, 14, 14, 14, 16, 16, 16, 16, 17, 17, 17]
[0, 0, 0, 0, 0, 0, 0, 0, 0, 6, 6, 7, 8, 9, 9, 9, 9, 10, 11, 11, 11, 11, 11, 12, 12, 13, 13, 13, 14, 14, 14, 14, 16, 16, 16, 16, 17, 17, 17, 17]
[0, 0, 0, 0, 0, 0, 0, 0, 0, 6, 6, 7, 8, 9, 9, 9, 9, 10, 11, 11, 11, 11, 11, 12, 12, 13, 13, 13, 14, 14, 14, 14, 16, 16, 16, 16, 17, 17, 17, 17, 17]
[0, 0, 0, 0, 0, 0, 0, 0, 0, 6, 6, 7, 8, 9, 9, 9, 9, 10, 11, 11, 11, 11, 11, 12, 12, 13, 13, 13, 14, 14, 14, 14, 16, 16, 16, 16, 17, 17, 17, 17, 17, 17]
[0, 0, 0, 0, 0, 0, 0, 0, 0, 6, 6, 7, 8, 9, 9, 9, 9, 10, 11, 11, 11, 11, 11, 12, 12, 13, 13, 13, 14, 14, 14, 14, 16, 16, 16, 16, 17, 17, 17, 17, 17, 17, 17]
[0, 0, 0, 0, 0, 0, 0, 0, 0, 6, 6, 7, 8, 9, 9, 9, 9, 10, 11, 11, 11, 11, 11, 12, 12, 13, 13, 13, 14, 14, 14, 14, 16, 16, 16, 16, 17, 17, 17, 17, 17, 17, 17, 17]
[0, 0, 0, 0, 0, 0, 0, 0, 0, 6, 6, 7, 8, 9, 9, 9, 9, 10, 11, 11, 11, 11, 11, 12, 12, 13, 13, 13, 14, 14, 14, 14, 16, 16, 16, 16, 17, 17, 17, 17, 17, 17, 17, 17, 17]
[0, 0, 0, 0, 0, 0, 0, 0, 0, 6, 6, 7, 8, 9, 9, 9, 9, 10, 11, 11, 11, 11, 11, 12, 12, 13, 13, 13, 14, 14, 14, 14, 16, 16, 16, 16, 17, 17, 17, 17, 17, 17, 17, 17, 17, 18]
[0, 0, 0, 0, 0, 0, 0, 0, 0, 6, 6, 7, 8, 9, 9, 9, 9, 10, 11, 11, 11, 11, 11, 12, 12, 13, 13, 13, 14, 14, 14, 14, 16, 16, 16, 16, 17, 17, 17, 17, 17, 17, 17, 17, 17, 18, 18]
[0, 0, 0, 0, 0, 0, 0, 0, 0, 6, 6, 7, 8, 9, 9, 9, 9, 10, 11, 11, 11, 11, 11, 12, 12, 13, 13, 13, 14, 14, 14, 14, 16, 16, 16, 16, 17, 17, 17, 17, 17, 17, 17, 17, 17, 18, 18, 18]
[0, 0, 0, 0, 0, 0, 0, 0, 0, 6, 6, 7, 8, 9, 9, 9, 9, 10, 11, 11, 11, 11, 11, 12, 12, 13, 13, 13, 14, 14, 14, 14, 16, 16, 16, 16, 17, 17, 17, 17, 17, 17, 17, 17, 17, 18, 18, 18, 18]
[0, 0, 0, 0, 0, 0, 0, 0, 0, 6, 6, 7, 8, 9, 9, 9, 9, 10, 11, 11, 11, 11, 11, 12, 12, 13, 13, 13, 14, 14, 14, 14, 16, 16, 16, 16, 17, 17, 17, 17, 17, 17, 17, 17, 17, 18, 18, 18, 18, 19]
[0, 0, 0, 0, 0, 0, 0, 0, 0, 6, 6, 7, 8, 9, 9, 9, 9, 10, 11, 11, 11, 11, 11, 12, 12, 13, 13, 13, 14, 14, 14, 14, 16, 16, 16, 16, 17, 17, 17, 17, 17, 17, 17, 17, 17, 18, 18, 18, 18, 19, 19]
[0, 0, 0, 0, 0, 0, 0, 0, 0, 6, 6, 7, 8, 9, 9, 9, 9, 10, 11, 11, 11, 11, 11, 12, 12, 13, 13, 13, 14, 14, 14, 14, 16, 16, 16, 16, 17, 17, 17, 17, 17, 17, 17, 17, 17, 18, 18, 18, 18, 19, 19, 19]
[0, 0, 0, 0, 0, 0, 0, 0, 0, 6, 6, 7, 8, 9, 9, 9, 9, 10, 11, 11, 11, 11, 11, 12, 12, 13, 13, 13, 14, 14, 14, 14, 16, 16, 16, 16, 17, 17, 17, 17, 17, 17, 17, 17, 17, 18, 18, 18, 18, 19, 19, 19, 19]
[0, 0, 0, 0, 0, 0, 0, 0, 0, 6, 6, 7, 8, 9, 9, 9, 9, 10, 11, 11, 11, 11, 11, 12, 12, 13, 13, 13, 14, 14, 14, 14, 16, 16, 16, 16, 17, 17, 17, 17, 17, 17, 17, 17, 17, 18, 18, 18, 18, 19, 19, 19, 19, 20]
[0, 0, 0, 0, 0, 0, 0, 0, 0, 6, 6, 7, 8, 9, 9, 9, 9, 10, 11, 11, 11, 11, 11, 12, 12, 13, 13, 13, 14, 14, 14, 14, 16, 16, 16, 16, 17, 17, 17, 17, 17, 17, 17, 17, 17, 18, 18, 18, 18, 19, 19, 19, 19, 20, 20]
[0, 0, 0, 0, 0, 0, 0, 0, 0, 6, 6, 7, 8, 9, 9, 9, 9, 10, 11, 11, 11, 11, 11, 12, 12, 13, 13, 13, 14, 14, 14, 14, 16, 16, 16, 16, 17, 17, 17, 17, 17, 17, 17, 17, 17, 18, 18, 18, 18, 19, 19, 19, 19, 20, 20, 20]
[0, 0, 0, 0, 0, 0, 0, 0, 0, 6, 6, 7, 8, 9, 9, 9, 9, 10, 11, 11, 11, 11, 11, 12, 12, 13, 13, 13, 14, 14, 14, 14, 16, 16, 16, 16, 17, 17, 17, 17, 17, 17, 17, 17, 17, 18, 18, 18, 18, 19, 19, 19, 19, 20, 20, 20, 20]
[0, 0, 0, 0, 0, 0, 0, 0, 0, 6, 6, 7, 8, 9, 9, 9, 9, 10, 11, 11, 11, 11, 11, 12, 12, 13, 13, 13, 14, 14, 14, 14, 16, 16, 16, 16, 17, 17, 17, 17, 17, 17, 17, 17, 17, 18, 18, 18, 18, 19, 19, 19, 19, 20, 20, 20, 20, 21]
[0, 0, 0, 0, 0, 0, 0, 0, 0, 6, 6, 7, 8, 9, 9, 9, 9, 10, 11, 11, 11, 11, 11, 12, 12, 13, 13, 13, 14, 14, 14, 14, 16, 16, 16, 16, 17, 17, 17, 17, 17, 17, 17, 17, 17, 18, 18, 18, 18, 19, 19, 19, 19, 20, 20, 20, 20, 21, 21]
[0, 0, 0, 0, 0, 0, 0, 0, 0, 6, 6, 7, 8, 9, 9, 9, 9, 10, 11, 11, 11, 11, 11, 12, 12, 13, 13, 13, 14, 14, 14, 14, 16, 16, 16, 16, 17, 17, 17, 17, 17, 17, 17, 17, 17, 18, 18, 18, 18, 19, 19, 19, 19, 20, 20, 20, 20, 21, 21, 21]
[0, 0, 0, 0, 0, 0, 0, 0, 0, 6, 6, 7, 8, 9, 9, 9, 9, 10, 11, 11, 11, 11, 11, 12, 12, 13, 13, 13, 14, 14, 14, 14, 16, 16, 16, 16, 17, 17, 17, 17, 17, 17, 17, 17, 17, 18, 18, 18, 18, 19, 19, 19, 19, 20, 20, 20, 20, 21, 21, 21, 22]
[0, 0, 0, 0, 0, 0, 0, 0, 0, 6, 6, 7, 8, 9, 9, 9, 9, 10, 11, 11, 11, 11, 11, 12, 12, 13, 13, 13, 14, 14, 14, 14, 16, 16, 16, 16, 17, 17, 17, 17, 17, 17, 17, 17, 17, 18, 18, 18, 18, 19, 19, 19, 19, 20, 20, 20, 20, 21, 21, 21, 22, 22]
[0, 0, 0, 0, 0, 0, 0, 0, 0, 6, 6, 7, 8, 9, 9, 9, 9, 10, 11, 11, 11, 11, 11, 12, 12, 13, 13, 13, 14, 14, 14, 14, 16, 16, 16, 16, 17, 17, 17, 17, 17, 17, 17, 17, 17, 18, 18, 18, 18, 19, 19, 19, 19, 20, 20, 20, 20, 21, 21, 21, 22, 22, 23]
[0, 0, 0, 0, 0, 0, 0, 0, 0, 6, 6, 7, 8, 9, 9, 9, 9, 10, 11, 11, 11, 11, 11, 12, 12, 13, 13, 13, 14, 14, 14, 14, 16, 16, 16, 16, 17, 17, 17, 17, 17, 17, 17, 17, 17, 18, 18, 18, 18, 19, 19, 19, 19, 20, 20, 20, 20, 21, 21, 21, 22, 22, 23, 23]
[0, 0, 0, 0, 0, 0, 0, 0, 0, 6, 6, 7, 8, 9, 9, 9, 9, 10, 11, 11, 11, 11, 11, 12, 12, 13, 13, 13, 14, 14, 14, 14, 16, 16, 16, 16, 17, 17, 17, 17, 17, 17, 17, 17, 17, 18, 18, 18, 18, 19, 19, 19, 19, 20, 20, 20, 20, 21, 21, 21, 22, 22, 23, 23, 24]
[0, 0, 0, 0, 0, 0, 0, 0, 0, 6, 6, 7, 8, 9, 9, 9, 9, 10, 11, 11, 11, 11, 11, 12, 12, 13, 13, 13, 14, 14, 14, 14, 16, 16, 16, 16, 17, 17, 17, 17, 17, 17, 17, 17, 17, 18, 18, 18, 18, 19, 19, 19, 19, 20, 20, 20, 20, 21, 21, 21, 22, 22, 23, 23, 24, 24]
[0, 0, 0, 0, 0, 0, 0, 0, 0, 6, 6, 7, 8, 9, 9, 9, 9, 10, 11, 11, 11, 11, 11, 12, 12, 13, 13, 13, 14, 14, 14, 14, 16, 16, 16, 16, 17, 17, 17, 17, 17, 17, 17, 17, 17, 18, 18, 18, 18, 19, 19, 19, 19, 20, 20, 20, 20, 21, 21, 21, 22, 22, 23, 23, 24, 24, 24]
[0, 0, 0, 0, 0, 0, 0, 0, 0, 6, 6, 7, 8, 9, 9, 9, 9, 10, 11, 11, 11, 11, 11, 12, 12, 13, 13, 13, 14, 14, 14, 14, 16, 16, 16, 16, 17, 17, 17, 17, 17, 17, 17, 17, 17, 18, 18, 18, 18, 19, 19, 19, 19, 20, 20, 20, 20, 21, 21, 21, 22, 22, 23, 23, 24, 24, 24, 25]
[0, 0, 0, 0, 0, 0, 0, 0, 0, 6, 6, 7, 8, 9, 9, 9, 9, 10, 11, 11, 11, 11, 11, 12, 12, 13, 13, 13, 14, 14, 14, 14, 16, 16, 16, 16, 17, 17, 17, 17, 17, 17, 17, 17, 17, 18, 18, 18, 18, 19, 19, 19, 19, 20, 20, 20, 20, 21, 21, 21, 22, 22, 23, 23, 24, 24, 24, 25, 25]
[0, 0, 0, 0, 0, 0, 0, 0, 0, 6, 6, 7, 8, 9, 9, 9, 9, 10, 11, 11, 11, 11, 11, 12, 12, 13, 13, 13, 14, 14, 14, 14, 16, 16, 16, 16, 17, 17, 17, 17, 17, 17, 17, 17, 17, 18, 18, 18, 18, 19, 19, 19, 19, 20, 20, 20, 20, 21, 21, 21, 22, 22, 23, 23, 24, 24, 24, 25, 25, 25]
[0, 0, 0, 0, 0, 0, 0, 0, 0, 6, 6, 7, 8, 9, 9, 9, 9, 10, 11, 11, 11, 11, 11, 12, 12, 13, 13, 13, 14, 14, 14, 14, 16, 16, 16, 16, 17, 17, 17, 17, 17, 17, 17, 17, 17, 18, 18, 18, 18, 19, 19, 19, 19, 20, 20, 20, 20, 21, 21, 21, 22, 22, 23, 23, 24, 24, 24, 25, 25, 25, 26]
[0, 0, 0, 0, 0, 0, 0, 0, 0, 6, 6, 7, 8, 9, 9, 9, 9, 10, 11, 11, 11, 11, 11, 12, 12, 13, 13, 13, 14, 14, 14, 14, 16, 16, 16, 16, 17, 17, 17, 17, 17, 17, 17, 17, 17, 18, 18, 18, 18, 19, 19, 19, 19, 20, 20, 20, 20, 21, 21, 21, 22, 22, 23, 23, 24, 24, 24, 25, 25, 25, 26, 26]
[0, 0, 0, 0, 0, 0, 0, 0, 0, 6, 6, 7, 8, 9, 9, 9, 9, 10, 11, 11, 11, 11, 11, 12, 12, 13, 13, 13, 14, 14, 14, 14, 16, 16, 16, 16, 17, 17, 17, 17, 17, 17, 17, 17, 17, 18, 18, 18, 18, 19, 19, 19, 19, 20, 20, 20, 20, 21, 21, 21, 22, 22, 23, 23, 24, 24, 24, 25, 25, 25, 26, 26, 26]
[0, 0, 0, 0, 0, 0, 0, 0, 0, 6, 6, 7, 8, 9, 9, 9, 9, 10, 11, 11, 11, 11, 11, 12, 12, 13, 13, 13, 14, 14, 14, 14, 16, 16, 16, 16, 17, 17, 17, 17, 17, 17, 17, 17, 17, 18, 18, 18, 18, 19, 19, 19, 19, 20, 20, 20, 20, 21, 21, 21, 22, 22, 23, 23, 24, 24, 24, 25, 25, 25, 26, 26, 26, 27]
[0, 0, 0, 0, 0, 0, 0, 0, 0, 6, 6, 7, 8, 9, 9, 9, 9, 10, 11, 11, 11, 11, 11, 12, 12, 13, 13, 13, 14, 14, 14, 14, 16, 16, 16, 16, 17, 17, 17, 17, 17, 17, 17, 17, 17, 18, 18, 18, 18, 19, 19, 19, 19, 20, 20, 20, 20, 21, 21, 21, 22, 22, 23, 23, 24, 24, 24, 25, 25, 25, 26, 26, 26, 27, 27]
[0, 0, 0, 0, 0, 0, 0, 0, 0, 6, 6, 7, 8, 9, 9, 9, 9, 10, 11, 11, 11, 11, 11, 12, 12, 13, 13, 13, 14, 14, 14, 14, 16, 16, 16, 16, 17, 17, 17, 17, 17, 17, 17, 17, 17, 18, 18, 18, 18, 19, 19, 19, 19, 20, 20, 20, 20, 21, 21, 21, 22, 22, 23, 23, 24, 24, 24, 25, 25, 25, 26, 26, 26, 27, 27, 29, 29, 30, 31, 31, 37]
[0]
[13]
[13]
[13, 14]
[0]
[0, 13]
[0, 13, 14]
[0, 13, 14, 17]
[11]
[17]
[17]
[17, 18]
[11]
[11, 16]
[0]
[0, 11]
[0, 11, 13]
[0, 11, 13, 14]
[0, 11, 13, 14, 16]
[0, 11, 13, 14, 16, 17]
[0, 11, 13, 14, 16, 17, 17]
[0, 11, 13, 14, 16, 17, 17, 18]
[0, 11, 13, 14, 16, 17, 17, 18, 23]
[0]
[9]
[9]
[9, 16]
[0]
[0, 9]
[0, 9, 14]
[25]
[6]
[6]
[6, 9]
[6]
[6, 9]
[6, 9, 25]
[6, 9, 25, 25]
[0]
[0, 6]
[0, 6, 9]
[0, 6, 9, 9]
[0, 6, 9, 9, 14]
[0, 6, 9, 9, 14, 16]
[0, 6, 9, 9, 14, 16, 19]
[0]
[0, 0]
[0, 0, 6]
[0, 0, 6, 9]
[0, 0, 6, 9, 9]
[0, 0, 6, 9, 9, 11]
[0, 0, 6, 9, 9, 11, 13]
[0, 0, 6, 9, 9, 11, 13, 14]
[0, 0, 6, 9, 9, 11, 13, 14, 14]
[0, 0, 6, 9, 9, 11, 13, 14, 14, 16]
[0, 0, 6, 9, 9, 11, 13, 14, 14, 16, 16]
[0, 0, 6, 9, 9, 11, 13, 14, 14, 16, 16, 17]
[0, 0, 6, 9, 9, 11, 13, 14, 14, 16, 16, 17, 17]
[0, 0, 6, 9, 9, 11, 13, 14, 14, 16, 16, 17, 17, 18]
[0, 0, 6, 9, 9, 11, 13, 14, 14, 16, 16, 17, 17, 18, 19]
[0, 0, 6, 9, 9, 11, 13, 14, 14, 16, 16, 17, 17, 18, 19, 23]
[0, 0, 6, 9, 9, 11, 13, 14, 14, 16, 16, 17, 17, 18, 19, 23, 24]
[0]
[8]
[8]
[8, 13]
[0]
[0, 8]
[0, 8, 9]
[13]
[12]
[6]
[6]
[6, 12]
[6, 12, 13]
[6, 12, 13, 17]
[0]
[0, 6]
[0, 6, 8]
[0, 6, 8, 9]
[0, 6, 8, 9, 12]
[0, 6, 8, 9, 12, 13]
[0, 6, 8, 9, 12, 13, 13]
[0, 6, 8, 9, 12, 13, 13, 17]
[0, 6, 8, 9, 12, 13, 13, 17, 18]
[0]
[14]
[11]
[0]
[0, 11]
[0, 11, 14]
[0, 11, 14, 26]
[21]
[16]
[11]
[11]
[11, 16]
[11, 16, 21]
[11, 16, 21, 22]
[0]
[0, 11]
[0, 11, 11]
[0, 11, 11, 14]
[0, 11, 11, 14, 16]
[0, 11, 11, 14, 16, 21]
[0, 11, 11, 14, 16, 21, 22]
[0, 11, 11, 14, 16, 21, 22, 24]
[0]
[0, 0]
[0, 0, 6]
[0, 0, 6, 8]
[0, 0, 6, 8, 9]
[0, 0, 6, 8, 9, 11]
[0, 0, 6, 8, 9, 11, 11]
[0, 0, 6, 8, 9, 11, 11, 12]
[0, 0, 6, 8, 9, 11, 11, 12, 13]
[0, 0, 6, 8, 9, 11, 11, 12, 13, 13]
[0, 0, 6, 8, 9, 11, 11, 12, 13, 13, 14]
[0, 0, 6, 8, 9, 11, 11, 12, 13, 13, 14, 16]
[0, 0, 6, 8, 9, 11, 11, 12, 13, 13, 14, 16, 17]
[0, 0, 6, 8, 9, 11, 11, 12, 13, 13, 14, 16, 17, 18]
[0, 0, 6, 8, 9, 11, 11, 12, 13, 13, 14, 16, 17, 18, 21]
[0, 0, 6, 8, 9, 11, 11, 12, 13, 13, 14, 16, 17, 18, 21, 21]
[0]
[0, 0]
[0, 0, 0]
[0, 0, 0, 0]
[0, 0, 0, 0, 6]
[0, 0, 0, 0, 6, 6]
[0, 0, 0, 0, 6, 6, 8]
[0, 0, 0, 0, 6, 6, 8, 9]
[0, 0, 0, 0, 6, 6, 8, 9, 9]
[0, 0, 0, 0, 6, 6, 8, 9, 9, 9]
[0, 0, 0, 0, 6, 6, 8, 9, 9, 9, 11]
[0, 0, 0, 0, 6, 6, 8, 9, 9, 9, 11, 11]
[0, 0, 0, 0, 6, 6, 8, 9, 9, 9, 11, 11, 11]
[0, 0, 0, 0, 6, 6, 8, 9, 9, 9, 11, 11, 11, 12]
[0, 0, 0, 0, 6, 6, 8, 9, 9, 9, 11, 11, 11, 12, 13]
[0, 0, 0, 0, 6, 6, 8, 9, 9, 9, 11, 11, 11, 12, 13, 13]
[0, 0, 0, 0, 6, 6, 8, 9, 9, 9, 11, 11, 11, 12, 13, 13, 13]
[0, 0, 0, 0, 6, 6, 8, 9, 9, 9, 11, 11, 11, 12, 13, 13, 13, 14]
[0, 0, 0, 0, 6, 6, 8, 9, 9, 9, 11, 11, 11, 12, 13, 13, 13, 14, 14]
[0, 0, 0, 0, 6, 6, 8, 9, 9, 9, 11, 11, 11, 12, 13, 13, 13, 14, 14, 14]
[0, 0, 0, 0, 6, 6, 8, 9, 9, 9, 11, 11, 11, 12, 13, 13, 13, 14, 14, 14, 16]
[0, 0, 0, 0, 6, 6, 8, 9, 9, 9, 11, 11, 11, 12, 13, 13, 13, 14, 14, 14, 16, 16]
[0, 0, 0, 0, 6, 6, 8, 9, 9, 9, 11, 11, 11, 12, 13, 13, 13, 14, 14, 14, 16, 16, 16]
[0, 0, 0, 0, 6, 6, 8, 9, 9, 9, 11, 11, 11, 12, 13, 13, 13, 14, 14, 14, 16, 16, 16, 17]
[0, 0, 0, 0, 6, 6, 8, 9, 9, 9, 11, 11, 11, 12, 13, 13, 13, 14, 14, 14, 16, 16, 16, 17, 17]
[0, 0, 0, 0, 6, 6, 8, 9, 9, 9, 11, 11, 11, 12, 13, 13, 13, 14, 14, 14, 16, 16, 16, 17, 17, 17]
[0, 0, 0, 0, 6, 6, 8, 9, 9, 9, 11, 11, 11, 12, 13, 13, 13, 14, 14, 14, 16, 16, 16, 17, 17, 17, 18]
[0, 0, 0, 0, 6, 6, 8, 9, 9, 9, 11, 11, 11, 12, 13, 13, 13, 14, 14, 14, 16, 16, 16, 17, 17, 17, 18, 18]
[0, 0, 0, 0, 6, 6, 8, 9, 9, 9, 11, 11, 11, 12, 13, 13, 13, 14, 14, 14, 16, 16, 16, 17, 17, 17, 18, 18, 19]
[0, 0, 0, 0, 6, 6, 8, 9, 9, 9, 11, 11, 11, 12, 13, 13, 13, 14, 14, 14, 16, 16, 16, 17, 17, 17, 18, 18, 19, 21]
[0, 0, 0, 0, 6, 6, 8, 9, 9, 9, 11, 11, 11, 12, 13, 13, 13, 14, 14, 14, 16, 16, 16, 17, 17, 17, 18, 18, 19, 21, 21]
[0, 0, 0, 0, 6, 6, 8, 9, 9, 9, 11, 11, 11, 12, 13, 13, 13, 14, 14, 14, 16, 16, 16, 17, 17, 17, 18, 18, 19, 21, 21, 22]
[0, 0, 0, 0, 6, 6, 8, 9, 9, 9, 11, 11, 11, 12, 13, 13, 13, 14, 14, 14, 16, 16, 16, 17, 17, 17, 18, 18, 19, 21, 21, 22, 23]
[0, 0, 0, 0, 6, 6, 8, 9, 9, 9, 11, 11, 11, 12, 13, 13, 13, 14, 14, 14, 16, 16, 16, 17, 17, 17, 18, 18, 19, 21, 21, 22, 23, 24]
[0, 0, 0, 0, 6, 6, 8, 9, 9, 9, 11, 11, 11, 12, 13, 13, 13, 14, 14, 14, 16, 16, 16, 17, 17, 17, 18, 18, 19, 21, 21, 22, 23, 24, 24]
[0, 0, 0, 0, 6, 6, 8, 9, 9, 9, 11, 11, 11, 12, 13, 13, 13, 14, 14, 14, 16, 16, 16, 17, 17, 17, 18, 18, 19, 21, 21, 22, 23, 24, 24, 25]
[0, 0, 0, 0, 6, 6, 8, 9, 9, 9, 11, 11, 11, 12, 13, 13, 13, 14, 14, 14, 16, 16, 16, 17, 17, 17, 18, 18, 19, 21, 21, 22, 23, 24, 24, 25, 25]
[0, 0, 0, 0, 6, 6, 8, 9, 9, 9, 11, 11, 11, 12, 13, 13, 13, 14, 14, 14, 16, 16, 16, 17, 17, 17, 18, 18, 19, 21, 21, 22, 23, 24, 24, 25, 25, 26]
[0, 0, 0, 0, 6, 6, 8, 9, 9, 9, 11, 11, 11, 12, 13, 13, 13, 14, 14, 14, 16, 16, 16, 17, 17, 17, 18, 18, 19, 21, 21, 22, 23, 24, 24, 25, 25, 26, 26]
[0]
[29]
[29]
[29, 31]
[0]
[0, 22]
[12]
[11]
[11]
[11, 11]
[11]
[11, 11]
[11, 11, 12]
[11, 11, 12, 20]
[0]
[0, 11]
[0, 11, 11]
[0, 11, 11, 12]
[0, 11, 11, 12, 20]
[0, 11, 11, 12, 20, 22]
[0, 11, 11, 12, 20, 22, 27]
[0]
[14]
[14]
[14, 17]
[0]
[0, 14]
[0, 14, 17]
[0, 14, 17, 18]
[17]
[17]
[17]
[17, 21]
[17]
[17, 17]
[17, 17, 21]
[17, 17, 21, 30]
[0]
[0, 14]
[0, 14, 17]
[0, 14, 17, 17]
[0, 14, 17, 17, 17]
[0, 14, 17, 17, 17, 18]
[0, 14, 17, 17, 17, 18, 19]
[0]
[0, 0]
[0, 0, 11]
[0, 0, 11, 11]
[0, 0, 11, 11, 12]
[0, 0, 11, 11, 12, 14]
[0, 0, 11, 11, 12, 14, 17]
[0, 0, 11, 11, 12, 14, 17, 17]
[0, 0, 11, 11, 12, 14, 17, 17, 17]
[0, 0, 11, 11, 12, 14, 17, 17, 17, 18]
[0, 0, 11, 11, 12, 14, 17, 17, 17, 18, 19]
[0, 0, 11, 11, 12, 14, 17, 17, 17, 18, 19, 20]
[0, 0, 11, 11, 12, 14, 17, 17, 17, 18, 19, 20, 21]
[0, 0, 11, 11, 12, 14, 17, 17, 17, 18, 19, 20, 21, 22]
[0, 0, 11, 11, 12, 14, 17, 17, 17, 18, 19, 20, 21, 22, 27]
[0, 0, 11, 11, 12, 14, 17, 17, 17, 18, 19, 20, 21, 22, 27, 29]
[0, 0, 11, 11, 12, 14, 17, 17, 17, 18, 19, 20, 21, 22, 27, 29, 30]
[0, 0, 11, 11, 12, 14, 17, 17, 17, 18, 19, 20, 21, 22, 27, 29, 30, 31]
[0, 0, 11, 11, 12, 14, 17, 17, 17, 18, 19, 20, 21, 22, 27, 29, 30, 31, 31]
[0]
[23]
[17]
[0]
[0, 17]
[0, 17, 20]
[20]
[17]
[17]
[17, 17]
[17]
[17, 17]
[17, 17, 20]
[17, 17, 20, 24]
[0]
[0, 17]
[0, 17, 17]
[0, 17, 17, 17]
[0, 17, 17, 17, 20]
[0, 17, 17, 17, 20, 20]
[0, 17, 17, 17, 20, 20, 23]
[0, 17, 17, 17, 20, 20, 23, 24]
[0, 17, 17, 17, 20, 20, 23, 24, 25]
[0]
[16]
[16]
[16, 19]
[0]
[0, 9]
[10]
[10]
[10, 20]
[0]
[0]
[0, 7]
[0]
[0, 7]
[0, 7, 10]
[0, 7, 10, 18]
[0]
[0, 0]
[0, 0, 7]
[0, 0, 7, 9]
[0, 0, 7, 9, 10]
[0, 0, 7, 9, 10, 16]
[0, 0, 7, 9, 10, 16, 18]
[0, 0, 7, 9, 10, 16, 18, 19]
[0, 0, 7, 9, 10, 16, 18, 19, 19]
[0]
[0, 0]
[0, 0, 0]
[0, 0, 0, 7]
[0, 0, 0, 7, 9]
[0, 0, 0, 7, 9, 10]
[0, 0, 0, 7, 9, 10, 16]
[0, 0, 0, 7, 9, 10, 16, 17]
[0, 0, 0, 7, 9, 10, 16, 17, 17]
[0, 0, 0, 7, 9, 10, 16, 17, 17, 17]
[0, 0, 0, 7, 9, 10, 16, 17, 17, 17, 18]
[0, 0, 0, 7, 9, 10, 16, 17, 17, 17, 18, 19]
[0, 0, 0, 7, 9, 10, 16, 17, 17, 17, 18, 19, 19]
[0, 0, 0, 7, 9, 10, 16, 17, 17, 17, 18, 19, 19, 20]
[0, 0, 0, 7, 9, 10, 16, 17, 17, 17, 18, 19, 19, 20, 20]
[0, 0, 0, 7, 9, 10, 16, 17, 17, 17, 18, 19, 19, 20, 20, 20]
[0, 0, 0, 7, 9, 10, 16, 17, 17, 17, 18, 19, 19, 20, 20, 20, 23]
[0, 0, 0, 7, 9, 10, 16, 17, 17, 17, 18, 19, 19, 20, 20, 20, 23, 24]
[0, 0, 0, 7, 9, 10, 16, 17, 17, 17, 18, 19, 19, 20, 20, 20, 23, 24, 25]
[0, 0, 0, 7, 9, 10, 16, 17, 17, 17, 18, 19, 19, 20, 20, 20, 23, 24, 25, 26]
[0]
[0, 0]
[0, 0, 0]
[0, 0, 0, 0]
[0, 0, 0, 0, 0]
[0, 0, 0, 0, 0, 7]
[0, 0, 0, 0, 0, 7, 9]
[0, 0, 0, 0, 0, 7, 9, 10]
[0, 0, 0, 0, 0, 7, 9, 10, 11]
[0, 0, 0, 0, 0, 7, 9, 10, 11, 11]
[0, 0, 0, 0, 0, 7, 9, 10, 11, 11, 12]
[0, 0, 0, 0, 0, 7, 9, 10, 11, 11, 12, 14]
[0, 0, 0, 0, 0, 7, 9, 10, 11, 11, 12, 14, 16]
[0, 0, 0, 0, 0, 7, 9, 10, 11, 11, 12, 14, 16, 17]
[0, 0, 0, 0, 0, 7, 9, 10, 11, 11, 12, 14, 16, 17, 17]
[0, 0, 0, 0, 0, 7, 9, 10, 11, 11, 12, 14, 16, 17, 17, 17]
[0, 0, 0, 0, 0, 7, 9, 10, 11, 11, 12, 14, 16, 17, 17, 17, 17]
[0, 0, 0, 0, 0, 7, 9, 10, 11, 11, 12, 14, 16, 17, 17, 17, 17, 17]
[0, 0, 0, 0, 0, 7, 9, 10, 11, 11, 12, 14, 16, 17, 17, 17, 17, 17, 17]
[0, 0, 0, 0, 0, 7, 9, 10, 11, 11, 12, 14, 16, 17, 17, 17, 17, 17, 17, 18]
[0, 0, 0, 0, 0, 7, 9, 10, 11, 11, 12, 14, 16, 17, 17, 17, 17, 17, 17, 18, 18]
[0, 0, 0, 0, 0, 7, 9, 10, 11, 11, 12, 14, 16, 17, 17, 17, 17, 17, 17, 18, 18, 19]
[0, 0, 0, 0, 0, 7, 9, 10, 11, 11, 12, 14, 16, 17, 17, 17, 17, 17, 17, 18, 18, 19, 19]
[0, 0, 0, 0, 0, 7, 9, 10, 11, 11, 12, 14, 16, 17, 17, 17, 17, 17, 17, 18, 18, 19, 19, 19]
[0, 0, 0, 0, 0, 7, 9, 10, 11, 11, 12, 14, 16, 17, 17, 17, 17, 17, 17, 18, 18, 19, 19, 19, 20]
[0, 0, 0, 0, 0, 7, 9, 10, 11, 11, 12, 14, 16, 17, 17, 17, 17, 17, 17, 18, 18, 19, 19, 19, 20, 20]
[0, 0, 0, 0, 0, 7, 9, 10, 11, 11, 12, 14, 16, 17, 17, 17, 17, 17, 17, 18, 18, 19, 19, 19, 20, 20, 20]
[0, 0, 0, 0, 0, 7, 9, 10, 11, 11, 12, 14, 16, 17, 17, 17, 17, 17, 17, 18, 18, 19, 19, 19, 20, 20, 20, 20]
[0, 0, 0, 0, 0, 7, 9, 10, 11, 11, 12, 14, 16, 17, 17, 17, 17, 17, 17, 18, 18, 19, 19, 19, 20, 20, 20, 20, 21]
[0, 0, 0, 0, 0, 7, 9, 10, 11, 11, 12, 14, 16, 17, 17, 17, 17, 17, 17, 18, 18, 19, 19, 19, 20, 20, 20, 20, 21, 22]
[0, 0, 0, 0, 0, 7, 9, 10, 11, 11, 12, 14, 16, 17, 17, 17, 17, 17, 17, 18, 18, 19, 19, 19, 20, 20, 20, 20, 21, 22, 23]
[0, 0, 0, 0, 0, 7, 9, 10, 11, 11, 12, 14, 16, 17, 17, 17, 17, 17, 17, 18, 18, 19, 19, 19, 20, 20, 20, 20, 21, 22, 23, 24]
[0, 0, 0, 0, 0, 7, 9, 10, 11, 11, 12, 14, 16, 17, 17, 17, 17, 17, 17, 18, 18, 19, 19, 19, 20, 20, 20, 20, 21, 22, 23, 24, 25]
[0, 0, 0, 0, 0, 7, 9, 10, 11, 11, 12, 14, 16, 17, 17, 17, 17, 17, 17, 18, 18, 19, 19, 19, 20, 20, 20, 20, 21, 22, 23, 24, 25, 26]
[0, 0, 0, 0, 0, 7, 9, 10, 11, 11, 12, 14, 16, 17, 17, 17, 17, 17, 17, 18, 18, 19, 19, 19, 20, 20, 20, 20, 21, 22, 23, 24, 25, 26, 27]
[0, 0, 0, 0, 0, 7, 9, 10, 11, 11, 12, 14, 16, 17, 17, 17, 17, 17, 17, 18, 18, 19, 19, 19, 20, 20, 20, 20, 21, 22, 23, 24, 25, 26, 27, 29]
[0]
[0, 0]
[0, 0, 0]
[0, 0, 0, 0]
[0, 0, 0, 0, 0]
[0, 0, 0, 0, 0, 0]
[0, 0, 0, 0, 0, 0, 0]
[0, 0, 0, 0, 0, 0, 0, 0]
[0, 0, 0, 0, 0, 0, 0, 0, 0]
[0, 0, 0, 0, 0, 0, 0, 0, 0, 6]
[0, 0, 0, 0, 0, 0, 0, 0, 0, 6, 6]
[0, 0, 0, 0, 0, 0, 0, 0, 0, 6, 6, 7]
[0, 0, 0, 0, 0, 0, 0, 0, 0, 6, 6, 7, 8]
[0, 0, 0, 0, 0, 0, 0, 0, 0, 6, 6, 7, 8, 9]
[0, 0, 0, 0, 0, 0, 0, 0, 0, 6, 6, 7, 8, 9, 9]
[0, 0, 0, 0, 0, 0, 0, 0, 0, 6, 6, 7, 8, 9, 9, 9]
[0, 0, 0, 0, 0, 0, 0, 0, 0, 6, 6, 7, 8, 9, 9, 9, 9]
[0, 0, 0, 0, 0, 0, 0, 0, 0, 6, 6, 7, 8, 9, 9, 9, 9, 10]
[0, 0, 0, 0, 0, 0, 0, 0, 0, 6, 6, 7, 8, 9, 9, 9, 9, 10, 11]
[0, 0, 0, 0, 0, 0, 0, 0, 0, 6, 6, 7, 8, 9, 9, 9, 9, 10, 11, 11]
[0, 0, 0, 0, 0, 0, 0, 0, 0, 6, 6, 7, 8, 9, 9, 9, 9, 10, 11, 11, 11]
[0, 0, 0, 0, 0, 0, 0, 0, 0, 6, 6, 7, 8, 9, 9, 9, 9, 10, 11, 11, 11, 11]
[0, 0, 0, 0, 0, 0, 0, 0, 0, 6, 6, 7, 8, 9, 9, 9, 9, 10, 11, 11, 11, 11, 11]
[0, 0, 0, 0, 0, 0, 0, 0, 0, 6, 6, 7, 8, 9, 9, 9, 9, 10, 11, 11, 11, 11, 11, 12]
[0, 0, 0, 0, 0, 0, 0, 0, 0, 6, 6, 7, 8, 9, 9, 9, 9, 10, 11, 11, 11, 11, 11, 12, 12]
[0, 0, 0, 0, 0, 0, 0, 0, 0, 6, 6, 7, 8, 9, 9, 9, 9, 10, 11, 11, 11, 11, 11, 12, 12, 13]
[0, 0, 0, 0, 0, 0, 0, 0, 0, 6, 6, 7, 8, 9, 9, 9, 9, 10, 11, 11, 11, 11, 11, 12, 12, 13, 13]
[0, 0, 0, 0, 0, 0, 0, 0, 0, 6, 6, 7, 8, 9, 9, 9, 9, 10, 11, 11, 11, 11, 11, 12, 12, 13, 13, 13]
[0, 0, 0, 0, 0, 0, 0, 0, 0, 6, 6, 7, 8, 9, 9, 9, 9, 10, 11, 11, 11, 11, 11, 12, 12, 13, 13, 13, 14]
[0, 0, 0, 0, 0, 0, 0, 0, 0, 6, 6, 7, 8, 9, 9, 9, 9, 10, 11, 11, 11, 11, 11, 12, 12, 13, 13, 13, 14, 14]
[0, 0, 0, 0, 0, 0, 0, 0, 0, 6, 6, 7, 8, 9, 9, 9, 9, 10, 11, 11, 11, 11, 11, 12, 12, 13, 13, 13, 14, 14, 14]
[0, 0, 0, 0, 0, 0, 0, 0, 0, 6, 6, 7, 8, 9, 9, 9, 9, 10, 11, 11, 11, 11, 11, 12, 12, 13, 13, 13, 14, 14, 14, 14]
[0, 0, 0, 0, 0, 0, 0, 0, 0, 6, 6, 7, 8, 9, 9, 9, 9, 10, 11, 11, 11, 11, 11, 12, 12, 13, 13, 13, 14, 14, 14, 14, 16]
[0, 0, 0, 0, 0, 0, 0, 0, 0, 6, 6, 7, 8, 9, 9, 9, 9, 10, 11, 11, 11, 11, 11, 12, 12, 13, 13, 13, 14, 14, 14, 14, 16, 16]
[0, 0, 0, 0, 0, 0, 0, 0, 0, 6, 6, 7, 8, 9, 9, 9, 9, 10, 11, 11, 11, 11, 11, 12, 12, 13, 13, 13, 14, 14, 14, 14, 16, 16, 16]
[0, 0, 0, 0, 0, 0, 0, 0, 0, 6, 6, 7, 8, 9, 9, 9, 9, 10, 11, 11, 11, 11, 11, 12, 12, 13, 13, 13, 14, 14, 14, 14, 16, 16, 16, 16]
[0, 0, 0, 0, 0, 0, 0, 0, 0, 6, 6, 7, 8, 9, 9, 9, 9, 10, 11, 11, 11, 11, 11, 12, 12, 13, 13, 13, 14, 14, 14, 14, 16, 16, 16, 16, 17]
[0, 0, 0, 0, 0, 0, 0, 0, 0, 6, 6, 7, 8, 9, 9, 9, 9, 10, 11, 11, 11, 11, 11, 12, 12, 13, 13, 13, 14, 14, 14, 14, 16, 16, 16, 16, 17, 17]
[0, 0, 0, 0, 0, 0, 0, 0, 0, 6, 6, 7, 8, 9, 9, 9, 9, 10, 11, 11, 11, 11, 11, 12, 12, 13, 13, 13, 14, 14, 14, 14, 16, 16, 16, 16, 17, 17, 17]
[0, 0, 0, 0, 0, 0, 0, 0, 0, 6, 6, 7, 8, 9, 9, 9, 9, 10, 11, 11, 11, 11, 11, 12, 12, 13, 13, 13, 14, 14, 14, 14, 16, 16, 16, 16, 17, 17, 17, 17]
[0, 0, 0, 0, 0, 0, 0, 0, 0, 6, 6, 7, 8, 9, 9, 9, 9, 10, 11, 11, 11, 11, 11, 12, 12, 13, 13, 13, 14, 14, 14, 14, 16, 16, 16, 16, 17, 17, 17, 17, 17]
[0, 0, 0, 0, 0, 0, 0, 0, 0, 6, 6, 7, 8, 9, 9, 9, 9, 10, 11, 11, 11, 11, 11, 12, 12, 13, 13, 13, 14, 14, 14, 14, 16, 16, 16, 16, 17, 17, 17, 17, 17, 17]
[0, 0, 0, 0, 0, 0, 0, 0, 0, 6, 6, 7, 8, 9, 9, 9, 9, 10, 11, 11, 11, 11, 11, 12, 12, 13, 13, 13, 14, 14, 14, 14, 16, 16, 16, 16, 17, 17, 17, 17, 17, 17, 17]
[0, 0, 0, 0, 0, 0, 0, 0, 0, 6, 6, 7, 8, 9, 9, 9, 9, 10, 11, 11, 11, 11, 11, 12, 12, 13, 13, 13, 14, 14, 14, 14, 16, 16, 16, 16, 17, 17, 17, 17, 17, 17, 17, 17]
[0, 0, 0, 0, 0, 0, 0, 0, 0, 6, 6, 7, 8, 9, 9, 9, 9, 10, 11, 11, 11, 11, 11, 12, 12, 13, 13, 13, 14, 14, 14, 14, 16, 16, 16, 16, 17, 17, 17, 17, 17, 17, 17, 17, 17]
[0, 0, 0, 0, 0, 0, 0, 0, 0, 6, 6, 7, 8, 9, 9, 9, 9, 10, 11, 11, 11, 11, 11, 12, 12, 13, 13, 13, 14, 14, 14, 14, 16, 16, 16, 16, 17, 17, 17, 17, 17, 17, 17, 17, 17, 18]
[0, 0, 0, 0, 0, 0, 0, 0, 0, 6, 6, 7, 8, 9, 9, 9, 9, 10, 11, 11, 11, 11, 11, 12, 12, 13, 13, 13, 14, 14, 14, 14, 16, 16, 16, 16, 17, 17, 17, 17, 17, 17, 17, 17, 17, 18, 18]
[0, 0, 0, 0, 0, 0, 0, 0, 0, 6, 6, 7, 8, 9, 9, 9, 9, 10, 11, 11, 11, 11, 11, 12, 12, 13, 13, 13, 14, 14, 14, 14, 16, 16, 16, 16, 17, 17, 17, 17, 17, 17, 17, 17, 17, 18, 18, 18]
[0, 0, 0, 0, 0, 0, 0, 0, 0, 6, 6, 7, 8, 9, 9, 9, 9, 10, 11, 11, 11, 11, 11, 12, 12, 13, 13, 13, 14, 14, 14, 14, 16, 16, 16, 16, 17, 17, 17, 17, 17, 17, 17, 17, 17, 18, 18, 18, 18]
[0, 0, 0, 0, 0, 0, 0, 0, 0, 6, 6, 7, 8, 9, 9, 9, 9, 10, 11, 11, 11, 11, 11, 12, 12, 13, 13, 13, 14, 14, 14, 14, 16, 16, 16, 16, 17, 17, 17, 17, 17, 17, 17, 17, 17, 18, 18, 18, 18, 19]
[0, 0, 0, 0, 0, 0, 0, 0, 0, 6, 6, 7, 8, 9, 9, 9, 9, 10, 11, 11, 11, 11, 11, 12, 12, 13, 13, 13, 14, 14, 14, 14, 16, 16, 16, 16, 17, 17, 17, 17, 17, 17, 17, 17, 17, 18, 18, 18, 18, 19, 19]
[0, 0, 0, 0, 0, 0, 0, 0, 0, 6, 6, 7, 8, 9, 9, 9, 9, 10, 11, 11, 11, 11, 11, 12, 12, 13, 13, 13, 14, 14, 14, 14, 16, 16, 16, 16, 17, 17, 17, 17, 17, 17, 17, 17, 17, 18, 18, 18, 18, 19, 19, 19]
[0, 0, 0, 0, 0, 0, 0, 0, 0, 6, 6, 7, 8, 9, 9, 9, 9, 10, 11, 11, 11, 11, 11, 12, 12, 13, 13, 13, 14, 14, 14, 14, 16, 16, 16, 16, 17, 17, 17, 17, 17, 17, 17, 17, 17, 18, 18, 18, 18, 19, 19, 19, 19]
[0, 0, 0, 0, 0, 0, 0, 0, 0, 6, 6, 7, 8, 9, 9, 9, 9, 10, 11, 11, 11, 11, 11, 12, 12, 13, 13, 13, 14, 14, 14, 14, 16, 16, 16, 16, 17, 17, 17, 17, 17, 17, 17, 17, 17, 18, 18, 18, 18, 19, 19, 19, 19, 20]
[0, 0, 0, 0, 0, 0, 0, 0, 0, 6, 6, 7, 8, 9, 9, 9, 9, 10, 11, 11, 11, 11, 11, 12, 12, 13, 13, 13, 14, 14, 14, 14, 16, 16, 16, 16, 17, 17, 17, 17, 17, 17, 17, 17, 17, 18, 18, 18, 18, 19, 19, 19, 19, 20, 20]
[0, 0, 0, 0, 0, 0, 0, 0, 0, 6, 6, 7, 8, 9, 9, 9, 9, 10, 11, 11, 11, 11, 11, 12, 12, 13, 13, 13, 14, 14, 14, 14, 16, 16, 16, 16, 17, 17, 17, 17, 17, 17, 17, 17, 17, 18, 18, 18, 18, 19, 19, 19, 19, 20, 20, 20]
[0, 0, 0, 0, 0, 0, 0, 0, 0, 6, 6, 7, 8, 9, 9, 9, 9, 10, 11, 11, 11, 11, 11, 12, 12, 13, 13, 13, 14, 14, 14, 14, 16, 16, 16, 16, 17, 17, 17, 17, 17, 17, 17, 17, 17, 18, 18, 18, 18, 19, 19, 19, 19, 20, 20, 20, 20]
[0, 0, 0, 0, 0, 0, 0, 0, 0, 6, 6, 7, 8, 9, 9, 9, 9, 10, 11, 11, 11, 11, 11, 12, 12, 13, 13, 13, 14, 14, 14, 14, 16, 16, 16, 16, 17, 17, 17, 17, 17, 17, 17, 17, 17, 18, 18, 18, 18, 19, 19, 19, 19, 20, 20, 20, 20, 21]
[0, 0, 0, 0, 0, 0, 0, 0, 0, 6, 6, 7, 8, 9, 9, 9, 9, 10, 11, 11, 11, 11, 11, 12, 12, 13, 13, 13, 14, 14, 14, 14, 16, 16, 16, 16, 17, 17, 17, 17, 17, 17, 17, 17, 17, 18, 18, 18, 18, 19, 19, 19, 19, 20, 20, 20, 20, 21, 21]
[0, 0, 0, 0, 0, 0, 0, 0, 0, 6, 6, 7, 8, 9, 9, 9, 9, 10, 11, 11, 11, 11, 11, 12, 12, 13, 13, 13, 14, 14, 14, 14, 16, 16, 16, 16, 17, 17, 17, 17, 17, 17, 17, 17, 17, 18, 18, 18, 18, 19, 19, 19, 19, 20, 20, 20, 20, 21, 21, 21]
[0, 0, 0, 0, 0, 0, 0, 0, 0, 6, 6, 7, 8, 9, 9, 9, 9, 10, 11, 11, 11, 11, 11, 12, 12, 13, 13, 13, 14, 14, 14, 14, 16, 16, 16, 16, 17, 17, 17, 17, 17, 17, 17, 17, 17, 18, 18, 18, 18, 19, 19, 19, 19, 20, 20, 20, 20, 21, 21, 21, 22]
[0, 0, 0, 0, 0, 0, 0, 0, 0, 6, 6, 7, 8, 9, 9, 9, 9, 10, 11, 11, 11, 11, 11, 12, 12, 13, 13, 13, 14, 14, 14, 14, 16, 16, 16, 16, 17, 17, 17, 17, 17, 17, 17, 17, 17, 18, 18, 18, 18, 19, 19, 19, 19, 20, 20, 20, 20, 21, 21, 21, 22, 22]
[0, 0, 0, 0, 0, 0, 0, 0, 0, 6, 6, 7, 8, 9, 9, 9, 9, 10, 11, 11, 11, 11, 11, 12, 12, 13, 13, 13, 14, 14, 14, 14, 16, 16, 16, 16, 17, 17, 17, 17, 17, 17, 17, 17, 17, 18, 18, 18, 18, 19, 19, 19, 19, 20, 20, 20, 20, 21, 21, 21, 22, 22, 23]
[0, 0, 0, 0, 0, 0, 0, 0, 0, 6, 6, 7, 8, 9, 9, 9, 9, 10, 11, 11, 11, 11, 11, 12, 12, 13, 13, 13, 14, 14, 14, 14, 16, 16, 16, 16, 17, 17, 17, 17, 17, 17, 17, 17, 17, 18, 18, 18, 18, 19, 19, 19, 19, 20, 20, 20, 20, 21, 21, 21, 22, 22, 23, 23]
[0, 0, 0, 0, 0, 0, 0, 0, 0, 6, 6, 7, 8, 9, 9, 9, 9, 10, 11, 11, 11, 11, 11, 12, 12, 13, 13, 13, 14, 14, 14, 14, 16, 16, 16, 16, 17, 17, 17, 17, 17, 17, 17, 17, 17, 18, 18, 18, 18, 19, 19, 19, 19, 20, 20, 20, 20, 21, 21, 21, 22, 22, 23, 23, 24]
[0, 0, 0, 0, 0, 0, 0, 0, 0, 6, 6, 7, 8, 9, 9, 9, 9, 10, 11, 11, 11, 11, 11, 12, 12, 13, 13, 13, 14, 14, 14, 14, 16, 16, 16, 16, 17, 17, 17, 17, 17, 17, 17, 17, 17, 18, 18, 18, 18, 19, 19, 19, 19, 20, 20, 20, 20, 21, 21, 21, 22, 22, 23, 23, 24, 24]
[0, 0, 0, 0, 0, 0, 0, 0, 0, 6, 6, 7, 8, 9, 9, 9, 9, 10, 11, 11, 11, 11, 11, 12, 12, 13, 13, 13, 14, 14, 14, 14, 16, 16, 16, 16, 17, 17, 17, 17, 17, 17, 17, 17, 17, 18, 18, 18, 18, 19, 19, 19, 19, 20, 20, 20, 20, 21, 21, 21, 22, 22, 23, 23, 24, 24, 24]
[0, 0, 0, 0, 0, 0, 0, 0, 0, 6, 6, 7, 8, 9, 9, 9, 9, 10, 11, 11, 11, 11, 11, 12, 12, 13, 13, 13, 14, 14, 14, 14, 16, 16, 16, 16, 17, 17, 17, 17, 17, 17, 17, 17, 17, 18, 18, 18, 18, 19, 19, 19, 19, 20, 20, 20, 20, 21, 21, 21, 22, 22, 23, 23, 24, 24, 24, 25]
[0, 0, 0, 0, 0, 0, 0, 0, 0, 6, 6, 7, 8, 9, 9, 9, 9, 10, 11, 11, 11, 11, 11, 12, 12, 13, 13, 13, 14, 14, 14, 14, 16, 16, 16, 16, 17, 17, 17, 17, 17, 17, 17, 17, 17, 18, 18, 18, 18, 19, 19, 19, 19, 20, 20, 20, 20, 21, 21, 21, 22, 22, 23, 23, 24, 24, 24, 25, 25]
[0, 0, 0, 0, 0, 0, 0, 0, 0, 6, 6, 7, 8, 9, 9, 9, 9, 10, 11, 11, 11, 11, 11, 12, 12, 13, 13, 13, 14, 14, 14, 14, 16, 16, 16, 16, 17, 17, 17, 17, 17, 17, 17, 17, 17, 18, 18, 18, 18, 19, 19, 19, 19, 20, 20, 20, 20, 21, 21, 21, 22, 22, 23, 23, 24, 24, 24, 25, 25, 25]
[0, 0, 0, 0, 0, 0, 0, 0, 0, 6, 6, 7, 8, 9, 9, 9, 9, 10, 11, 11, 11, 11, 11, 12, 12, 13, 13, 13, 14, 14, 14, 14, 16, 16, 16, 16, 17, 17, 17, 17, 17, 17, 17, 17, 17, 18, 18, 18, 18, 19, 19, 19, 19, 20, 20, 20, 20, 21, 21, 21, 22, 22, 23, 23, 24, 24, 24, 25, 25, 25, 26]
[0, 0, 0, 0, 0, 0, 0, 0, 0, 6, 6, 7, 8, 9, 9, 9, 9, 10, 11, 11, 11, 11, 11, 12, 12, 13, 13, 13, 14, 14, 14, 14, 16, 16, 16, 16, 17, 17, 17, 17, 17, 17, 17, 17, 17, 18, 18, 18, 18, 19, 19, 19, 19, 20, 20, 20, 20, 21, 21, 21, 22, 22, 23, 23, 24, 24, 24, 25, 25, 25, 26, 26]
[0, 0, 0, 0, 0, 0, 0, 0, 0, 6, 6, 7, 8, 9, 9, 9, 9, 10, 11, 11, 11, 11, 11, 12, 12, 13, 13, 13, 14, 14, 14, 14, 16, 16, 16, 16, 17, 17, 17, 17, 17, 17, 17, 17, 17, 18, 18, 18, 18, 19, 19, 19, 19, 20, 20, 20, 20, 21, 21, 21, 22, 22, 23, 23, 24, 24, 24, 25, 25, 25, 26, 26, 26]
[0, 0, 0, 0, 0, 0, 0, 0, 0, 6, 6, 7, 8, 9, 9, 9, 9, 10, 11, 11, 11, 11, 11, 12, 12, 13, 13, 13, 14, 14, 14, 14, 16, 16, 16, 16, 17, 17, 17, 17, 17, 17, 17, 17, 17, 18, 18, 18, 18, 19, 19, 19, 19, 20, 20, 20, 20, 21, 21, 21, 22, 22, 23, 23, 24, 24, 24, 25, 25, 25, 26, 26, 26, 27]
[0, 0, 0, 0, 0, 0, 0, 0, 0, 6, 6, 7, 8, 9, 9, 9, 9, 10, 11, 11, 11, 11, 11, 12, 12, 13, 13, 13, 14, 14, 14, 14, 16, 16, 16, 16, 17, 17, 17, 17, 17, 17, 17, 17, 17, 18, 18, 18, 18, 19, 19, 19, 19, 20, 20, 20, 20, 21, 21, 21, 22, 22, 23, 23, 24, 24, 24, 25, 25, 25, 26, 26, 26, 27, 27]
Tempo:13.742268
