APS - 4 SEMESTRE
-------------------------Listas---------------------------
Lista de Tempo: 
[0, 17, 14, 13, 24, 11, 16, 23, 18, 17, 0, 14, 16, 9, 19, 25, 25, 26, 9, 6, 0, 9, 13, 8, 21, 17, 13, 6, 18, 12, 0, 26, 11, 14, 27, 21, 24, 11, 16, 22, 0, 22, 31, 31, 29, 12, 20, 11, 11, 27, 0, 18, 17, 14, 19, 30, 17, 21, 37, 17, 0, 20, 17, 25, 23, 20, 24, 29, 17, 17, 0, 9, 19, 19, 16, 20, 26, 10, 18, 7, 0]
------------Quick Sort-------------------------------
[0, 0, 0, 0, 0, 0, 0, 0, 0, 17, 17, 14, 16, 9, 19, 25, 25, 26, 9, 6, 14, 9, 13, 8, 21, 17, 13, 6, 18, 12, 13, 26, 11, 14, 27, 21, 24, 11, 16, 22, 24, 22, 31, 31, 29, 12, 20, 11, 11, 27, 11, 18, 17, 14, 19, 30, 17, 21, 37, 17, 16, 20, 17, 25, 23, 20, 24, 29, 17, 17, 23, 9, 19, 19, 16, 20, 26, 10, 18, 7, 18]
[0, 0, 0, 0, 0, 0, 0, 0, 0, 17, 17, 14, 16, 9, 19, 25, 25, 26, 9, 6, 14, 9, 13, 8, 21, 17, 13, 6, 18, 12, 13, 26, 11, 14, 27, 21, 24, 11, 16, 22, 24, 22, 31, 31, 29, 12, 20, 11, 11, 27, 11, 18, 17, 14, 19, 30, 17, 21, 37, 17, 16, 20, 17, 25, 23, 20, 24, 29, 17, 17, 23, 9, 19, 19, 16, 20, 26, 10, 18, 7, 18]
[0, 0, 0, 0, 0, 0, 0, 0, 0, 17, 17, 14, 16, 9, 19, 25, 25, 26, 9, 6, 14, 9, 13, 8, 21, 17, 13, 6, 18, 12, 13, 26, 11, 14, 27, 21, 24, 11, 16, 22, 24, 22, 31, 31, 29, 12, 20, 11, 11, 27, 11, 18, 17, 14, 19, 30, 17, 21, 37, 17, 16, 20, 17, 25, 23, 20, 24, 29, 17, 17, 23, 9, 19, 19, 16, 20, 26, 10, 18, 7, 18]
[0, 0, 0, 0, 0, 0, 0, 0, 0, 17, 17, 14, 16, 9, 19, 25, 25, 26, 9, 6, 14, 9, 13, 8, 21, 17, 13, 6, 18, 12, 13, 26, 11, 14, 27, 21, 24, 11, 16, 22, 24, 22, 31, 31, 29, 12, 20, 11, 11, 27, 11, 18, 17, 14, 19, 30, 17, 21, 37, 17, 16, 20, 17, 25, 23, 20, 24, 29, 17, 17, 23, 9, 19, 19, 16, 20, 26, 10, 18, 7, 18]
[0, 0, 0, 0, 0, 0, 0, 0, 0, 17, 17, 14, 16, 9, 19, 25, 25, 26, 9, 6, 14, 9, 13, 8, 21, 17, 13, 6, 18, 12, 13, 26, 11, 14, 27, 21, 24, 11, 16, 22, 24, 22, 31, 31, 29, 12, 20, 11, 11, 27, 11, 18, 17, 14, 19, 30, 17, 21, 37, 17, 16, 20, 17, 25, 23, 20, 24, 29, 17, 17, 23, 9, 19, 19, 16, 20, 26, 10, 18, 7, 18]
[0, 0, 0, 0, 0, 0, 0, 0, 0, 17, 17, 14, 16, 9, 19, 25, 25, 26, 9, 6, 14, 9, 13, 8, 21, 17, 13, 6, 18, 12, 13, 26, 11, 14, 27, 21, 24, 11, 16, 22, 24, 22, 31, 31, 29, 12, 20, 11, 11, 27, 11, 18, 17, 14, 19, 30, 17, 21, 37, 17, 16, 20, 17, 25, 23, 20, 24, 29, 17, 17, 23, 9, 19, 19, 16, 20, 26, 10, 18, 7, 18]
[0, 0, 0, 0, 0, 0, 0, 0, 0, 17, 17, 14, 16, 9, 19, 25, 25, 26, 9, 6, 14, 9, 13, 8, 21, 17, 13, 6, 18, 12, 13, 26, 11, 14, 27, 21, 24, 11, 16, 22, 24, 22, 31, 31, 29, 12, 20, 11, 11, 27, 11, 18, 17, 14, 19, 30, 17, 21, 37, 17, 16, 20, 17, 25, 23, 20, 24, 29, 17, 17, 23, 9, 19, 19, 16, 20, 26, 10, 18, 7, 18]
[0, 0, 0, 0, 0, 0, 0, 0, 0, 6, 6, 7, 16, 9, 9, 17, 14, 9, 13, 8, 17, 13, 17, 18, 12, 13, 11, 14, 11, 16, 12, 11, 11, 11, 18, 17, 14, 17, 17, 16, 17, 17, 17, 9, 16, 10, 18, 14, 18, 27, 19, 27, 21, 24, 19, 30, 25, 21, 37, 21, 22, 20, 24, 25, 23, 20, 24, 29, 22, 31, 23, 31, 19, 19, 29, 20, 26, 25, 20, 26, 26]
[0, 0, 0, 0, 0, 0, 0, 0, 0, 6, 6, 7, 8, 9, 9, 9, 9, 10, 13, 12, 13, 11, 14, 11, 12, 11, 11, 11, 14, 13, 14, 14, 16, 17, 18, 17, 18, 17, 17, 16, 17, 17, 17, 16, 16, 17, 18, 17, 18, 27, 19, 27, 21, 24, 19, 30, 25, 21, 37, 21, 22, 20, 24, 25, 23, 20, 24, 29, 22, 31, 23, 31, 19, 19, 29, 20, 26, 25, 20, 26, 26]
[0, 0, 0, 0, 0, 0, 0, 0, 0, 6, 6, 7, 8, 9, 9, 9, 9, 10, 13, 12, 13, 11, 14, 11, 12, 11, 11, 11, 14, 13, 14, 14, 16, 17, 18, 17, 18, 17, 17, 16, 17, 17, 17, 16, 16, 17, 18, 17, 18, 27, 19, 27, 21, 24, 19, 30, 25, 21, 37, 21, 22, 20, 24, 25, 23, 20, 24, 29, 22, 31, 23, 31, 19, 19, 29, 20, 26, 25, 20, 26, 26]
[0, 0, 0, 0, 0, 0, 0, 0, 0, 6, 6, 7, 8, 9, 9, 9, 9, 10, 13, 12, 13, 11, 14, 11, 12, 11, 11, 11, 14, 13, 14, 14, 16, 17, 18, 17, 18, 17, 17, 16, 17, 17, 17, 16, 16, 17, 18, 17, 18, 27, 19, 27, 21, 24, 19, 30, 25, 21, 37, 21, 22, 20, 24, 25, 23, 20, 24, 29, 22, 31, 23, 31, 19, 19, 29, 20, 26, 25, 20, 26, 26]
[0, 0, 0, 0, 0, 0, 0, 0, 0, 6, 6, 7, 8, 9, 9, 9, 9, 10, 13, 12, 13, 11, 14, 11, 12, 11, 11, 11, 14, 13, 14, 14, 16, 17, 18, 17, 18, 17, 17, 16, 17, 17, 17, 16, 16, 17, 18, 17, 18, 27, 19, 27, 21, 24, 19, 30, 25, 21, 37, 21, 22, 20, 24, 25, 23, 20, 24, 29, 22, 31, 23, 31, 19, 19, 29, 20, 26, 25, 20, 26, 26]
[0, 0, 0, 0, 0, 0, 0, 0, 0, 6, 6, 7, 8, 9, 9, 9, 9, 10, 11, 11, 11, 11, 11, 12, 13, 13, 12, 13, 14, 14, 14, 14, 16, 17, 18, 17, 18, 17, 17, 16, 17, 17, 17, 16, 16, 17, 18, 17, 18, 27, 19, 27, 21, 24, 19, 30, 25, 21, 37, 21, 22, 20, 24, 25, 23, 20, 24, 29, 22, 31, 23, 31, 19, 19, 29, 20, 26, 25, 20, 26, 26]
[0, 0, 0, 0, 0, 0, 0, 0, 0, 6, 6, 7, 8, 9, 9, 9, 9, 10, 11, 11, 11, 11, 11, 12, 13, 13, 12, 13, 14, 14, 14, 14, 16, 17, 18, 17, 18, 17, 17, 16, 17, 17, 17, 16, 16, 17, 18, 17, 18, 27, 19, 27, 21, 24, 19, 30, 25, 21, 37, 21, 22, 20, 24, 25, 23, 20, 24, 29, 22, 31, 23, 31, 19, 19, 29, 20, 26, 25, 20, 26, 26]
[0, 0, 0, 0, 0, 0, 0, 0, 0, 6, 6, 7, 8, 9, 9, 9, 9, 10, 11, 11, 11, 11, 11, 12, 13, 13, 12, 13, 14, 14, 14, 14, 16, 17, 18, 17, 18, 17, 17, 16, 17, 17, 17, 16, 16, 17, 18, 17, 18, 27, 19, 27, 21, 24, 19, 30, 25, 21, 37, 21, 22, 20, 24, 25, 23, 20, 24, 29, 22, 31, 23, 31, 19, 19, 29, 20, 26, 25, 20, 26, 26]
[0, 0, 0, 0, 0, 0, 0, 0, 0, 6, 6, 7, 8, 9, 9, 9, 9, 10, 11, 11, 11, 11, 11, 12, 12, 13, 13, 13, 14, 14, 14, 14, 16, 17, 18, 17, 18, 17, 17, 16, 17, 17, 17, 16, 16, 17, 18, 17, 18, 27, 19, 27, 21, 24, 19, 30, 25, 21, 37, 21, 22, 20, 24, 25, 23, 20, 24, 29, 22, 31, 23, 31, 19, 19, 29, 20, 26, 25, 20, 26, 26]
[0, 0, 0, 0, 0, 0, 0, 0, 0, 6, 6, 7, 8, 9, 9, 9, 9, 10, 11, 11, 11, 11, 11, 12, 12, 13, 13, 13, 14, 14, 14, 14, 16, 17, 18, 17, 18, 17, 17, 16, 17, 17, 17, 16, 16, 17, 18, 17, 18, 27, 19, 27, 21, 24, 19, 30, 25, 21, 37, 21, 22, 20, 24, 25, 23, 20, 24, 29, 22, 31, 23, 31, 19, 19, 29, 20, 26, 25, 20, 26, 26]
[0, 0, 0, 0, 0, 0, 0, 0, 0, 6, 6, 7, 8, 9, 9, 9, 9, 10, 11, 11, 11, 11, 11, 12, 12, 13, 13, 13, 14, 14, 14, 14, 16, 17, 18, 17, 18, 17, 17, 16, 17, 17, 17, 16, 16, 17, 18, 17, 18, 27, 19, 27, 21, 24, 19, 30, 25, 21, 37, 21, 22, 20, 24, 25, 23, 20, 24, 29, 22, 31, 23, 31, 19, 19, 29, 20, 26, 25, 20, 26, 26]
[0, 0, 0, 0, 0, 0, 0, 0, 0, 6, 6, 7, 8, 9, 9, 9, 9, 10, 11, 11, 11, 11, 11, 12, 12, 13, 13, 13, 14, 14, 14, 14, 16, 17, 18, 17, 18, 17, 17, 16, 17, 17, 17, 16, 16, 17, 18, 17, 18, 27, 19, 27, 21, 24, 19, 30, 25, 21, 37, 21, 22, 20, 24, 25, 23, 20, 24, 29, 22, 31, 23, 31, 19, 19, 29, 20, 26, 25, 20, 26, 26]
[0, 0, 0, 0, 0, 0, 0, 0, 0, 6, 6, 7, 8, 9, 9, 9, 9, 10, 11, 11, 11, 11, 11, 12, 12, 13, 13, 13, 14, 14, 14, 14, 16, 17, 18, 17, 18, 17, 17, 16, 17, 17, 17, 16, 16, 17, 18, 17, 18, 27, 19, 27, 21, 24, 19, 30, 25, 21, 37, 21, 22, 20, 24, 25, 23, 20, 24, 29, 22, 31, 23, 31, 19, 19, 29, 20, 26, 25, 20, 26, 26]
[0, 0, 0, 0, 0, 0, 0, 0, 0, 6, 6, 7, 8, 9, 9, 9, 9, 10, 11, 11, 11, 11, 11, 12, 12, 13, 13, 13, 14, 14, 14, 14, 16, 17, 18, 17, 18, 17, 17, 16, 17, 17, 17, 16, 16, 17, 18, 17, 18, 27, 19, 27, 21, 24, 19, 30, 25, 21, 37, 21, 22, 20, 24, 25, 23, 20, 24, 29, 22, 31, 23, 31, 19, 19, 29, 20, 26, 25, 20, 26, 26]
[0, 0, 0, 0, 0, 0, 0, 0, 0, 6, 6, 7, 8, 9, 9, 9, 9, 10, 11, 11, 11, 11, 11, 12, 12, 13, 13, 13, 14, 14, 14, 14, 16, 17, 18, 17, 18, 17, 17, 16, 17, 17, 17, 16, 16, 17, 18, 17, 18, 27, 19, 27, 21, 24, 19, 30, 25, 21, 37, 21, 22, 20, 24, 25, 23, 20, 24, 29, 22, 31, 23, 31, 19, 19, 29, 20, 26, 25, 20, 26, 26]
[0, 0, 0, 0, 0, 0, 0, 0, 0, 6, 6, 7, 8, 9, 9, 9, 9, 10, 11, 11, 11, 11, 11, 12, 12, 13, 13, 13, 14, 14, 14, 14, 16, 16, 16, 16, 17, 17, 17, 17, 17, 17, 17, 17, 17, 18, 18, 18, 18, 27, 19, 27, 21, 24, 19, 30, 25, 21, 37, 21, 22, 20, 24, 25, 23, 20, 24, 29, 22, 31, 23, 31, 19, 19, 29, 20, 26, 25, 20, 26, 26]
[0, 0, 0, 0, 0, 0, 0, 0, 0, 6, 6, 7, 8, 9, 9, 9, 9, 10, 11, 11, 11, 11, 11, 12, 12, 13, 13, 13, 14, 14, 14, 14, 16, 16, 16, 16, 17, 17, 17, 17, 17, 17, 17, 17, 17, 18, 18, 18, 18, 27, 19, 27, 21, 24, 19, 30, 25, 21, 37, 21, 22, 20, 24, 25, 23, 20, 24, 29, 22, 31, 23, 31, 19, 19, 29, 20, 26, 25, 20, 26, 26]
[0, 0, 0, 0, 0, 0, 0, 0, 0, 6, 6, 7, 8, 9, 9, 9, 9, 10, 11, 11, 11, 11, 11, 12, 12, 13, 13, 13, 14, 14, 14, 14, 16, 16, 16, 16, 17, 17, 17, 17, 17, 17, 17, 17, 17, 18, 18, 18, 18, 27, 19, 27, 21, 24, 19, 30, 25, 21, 37, 21, 22, 20, 24, 25, 23, 20, 24, 29, 22, 31, 23, 31, 19, 19, 29, 20, 26, 25, 20, 26, 26]
[0, 0, 0, 0, 0, 0, 0, 0, 0, 6, 6, 7, 8, 9, 9, 9, 9, 10, 11, 11, 11, 11, 11, 12, 12, 13, 13, 13, 14, 14, 14, 14, 16, 16, 16, 16, 17, 17, 17, 17, 17, 17, 17, 17, 17, 18, 18, 18, 18, 27, 19, 27, 21, 24, 19, 30, 25, 21, 37, 21, 22, 20, 24, 25, 23, 20, 24, 29, 22, 31, 23, 31, 19, 19, 29, 20, 26, 25, 20, 26, 26]
[0, 0, 0, 0, 0, 0, 0, 0, 0, 6, 6, 7, 8, 9, 9, 9, 9, 10, 11, 11, 11, 11, 11, 12, 12, 13, 13, 13, 14, 14, 14, 14, 16, 16, 16, 16, 17, 17, 17, 17, 17, 17, 17, 17, 17, 18, 18, 18, 18, 27, 19, 27, 21, 24, 19, 30, 25, 21, 37, 21, 22, 20, 24, 25, 23, 20, 24, 29, 22, 31, 23, 31, 19, 19, 29, 20, 26, 25, 20, 26, 26]
[0, 0, 0, 0, 0, 0, 0, 0, 0, 6, 6, 7, 8, 9, 9, 9, 9, 10, 11, 11, 11, 11, 11, 12, 12, 13, 13, 13, 14, 14, 14, 14, 16, 16, 16, 16, 17, 17, 17, 17, 17, 17, 17, 17, 17, 18, 18, 18, 18, 27, 19, 27, 21, 24, 19, 30, 25, 21, 37, 21, 22, 20, 24, 25, 23, 20, 24, 29, 22, 31, 23, 31, 19, 19, 29, 20, 26, 25, 20, 26, 26]
[0, 0, 0, 0, 0, 0, 0, 0, 0, 6, 6, 7, 8, 9, 9, 9, 9, 10, 11, 11, 11, 11, 11, 12, 12, 13, 13, 13, 14, 14, 14, 14, 16, 16, 16, 16, 17, 17, 17, 17, 17, 17, 17, 17, 17, 18, 18, 18, 18, 27, 19, 27, 21, 24, 19, 30, 25, 21, 37, 21, 22, 20, 24, 25, 23, 20, 24, 29, 22, 31, 23, 31, 19, 19, 29, 20, 26, 25, 20, 26, 26]
[0, 0, 0, 0, 0, 0, 0, 0, 0, 6, 6, 7, 8, 9, 9, 9, 9, 10, 11, 11, 11, 11, 11, 12, 12, 13, 13, 13, 14, 14, 14, 14, 16, 16, 16, 16, 17, 17, 17, 17, 17, 17, 17, 17, 17, 18, 18, 18, 18, 27, 19, 27, 21, 24, 19, 30, 25, 21, 37, 21, 22, 20, 24, 25, 23, 20, 24, 29, 22, 31, 23, 31, 19, 19, 29, 20, 26, 25, 20, 26, 26]
[0, 0, 0, 0, 0, 0, 0, 0, 0, 6, 6, 7, 8, 9, 9, 9, 9, 10, 11, 11, 11, 11, 11, 12, 12, 13, 13, 13, 14, 14, 14, 14, 16, 16, 16, 16, 17, 17, 17, 17, 17, 17, 17, 17, 17, 18, 18, 18, 18, 27, 19, 27, 21, 24, 19, 30, 25, 21, 37, 21, 22, 20, 24, 25, 23, 20, 24, 29, 22, 31, 23, 31, 19, 19, 29, 20, 26, 25, 20, 26, 26]
[0, 0, 0, 0, 0, 0, 0, 0, 0, 6, 6, 7, 8, 9, 9, 9, 9, 10, 11, 11, 11, 11, 11, 12, 12, 13, 13, 13, 14, 14, 14, 14, 16, 16, 16, 16, 17, 17, 17, 17, 17, 17, 17, 17, 17, 18, 18, 18, 18, 27, 19, 27, 21, 24, 19, 30, 25, 21, 37, 21, 22, 20, 24, 25, 23, 20, 24, 29, 22, 31, 23, 31, 19, 19, 29, 20, 26, 25, 20, 26, 26]
[0, 0, 0, 0, 0, 0, 0, 0, 0, 6, 6, 7, 8, 9, 9, 9, 9, 10, 11, 11, 11, 11, 11, 12, 12, 13, 13, 13, 14, 14, 14, 14, 16, 16, 16, 16, 17, 17, 17, 17, 17, 17, 17, 17, 17, 18, 18, 18, 18, 27, 19, 27, 21, 24, 19, 30, 25, 21, 37, 21, 22, 20, 24, 25, 23, 20, 24, 29, 22, 31, 23, 31, 19, 19, 29, 20, 26, 25, 20, 26, 26]
[0, 0, 0, 0, 0, 0, 0, 0, 0, 6, 6, 7, 8, 9, 9, 9, 9, 10, 11, 11, 11, 11, 11, 12, 12, 13, 13, 13, 14, 14, 14, 14, 16, 16, 16, 16, 17, 17, 17, 17, 17, 17, 17, 17, 17, 18, 18, 18, 18, 27, 19, 27, 21, 24, 19, 30, 25, 21, 37, 21, 22, 20, 24, 25, 23, 20, 24, 29, 22, 31, 23, 31, 19, 19, 29, 20, 26, 25, 20, 26, 26]
[0, 0, 0, 0, 0, 0, 0, 0, 0, 6, 6, 7, 8, 9, 9, 9, 9, 10, 11, 11, 11, 11, 11, 12, 12, 13, 13, 13, 14, 14, 14, 14, 16, 16, 16, 16, 17, 17, 17, 17, 17, 17, 17, 17, 17, 18, 18, 18, 18, 27, 19, 27, 21, 24, 19, 30, 25, 21, 37, 21, 22, 20, 24, 25, 23, 20, 24, 29, 22, 31, 23, 31, 19, 19, 29, 20, 26, 25, 20, 26, 26]
[0, 0, 0, 0, 0, 0, 0, 0, 0, 6, 6, 7, 8, 9, 9, 9, 9, 10, 11, 11, 11, 11, 11, 12, 12, 13, 13, 13, 14, 14, 14, 14, 16, 16, 16, 16, 17, 17, 17, 17, 17, 17, 17, 17, 17, 18, 18, 18, 18, 27, 19, 27, 21, 24, 19, 30, 25, 21, 37, 21, 22, 20, 24, 25, 23, 20, 24, 29, 22, 31, 23, 31, 19, 19, 29, 20, 26, 25, 20, 26, 26]
[0, 0, 0, 0, 0, 0, 0, 0, 0, 6, 6, 7, 8, 9, 9, 9, 9, 10, 11, 11, 11, 11, 11, 12, 12, 13, 13, 13, 14, 14, 14, 14, 16, 16, 16, 16, 17, 17, 17, 17, 17, 17, 17, 17, 17, 18, 18, 18, 18, 27, 19, 27, 21, 24, 19, 30, 25, 21, 37, 21, 22, 20, 24, 25, 23, 20, 24, 29, 22, 31, 23, 31, 19, 19, 29, 20, 26, 25, 20, 26, 26]
[0, 0, 0, 0, 0, 0, 0, 0, 0, 6, 6, 7, 8, 9, 9, 9, 9, 10, 11, 11, 11, 11, 11, 12, 12, 13, 13, 13, 14, 14, 14, 14, 16, 16, 16, 16, 17, 17, 17, 17, 17, 17, 17, 17, 17, 18, 18, 18, 18, 19, 19, 19, 19, 20, 20, 20, 20, 24, 24, 25, 23, 21, 24, 22, 23, 25, 21, 21, 26, 25, 22, 26, 26, 37, 29, 29, 30, 31, 27, 31, 27]
[0, 0, 0, 0, 0, 0, 0, 0, 0, 6, 6, 7, 8, 9, 9, 9, 9, 10, 11, 11, 11, 11, 11, 12, 12, 13, 13, 13, 14, 14, 14, 14, 16, 16, 16, 16, 17, 17, 17, 17, 17, 17, 17, 17, 17, 18, 18, 18, 18, 19, 19, 19, 19, 20, 20, 20, 20, 24, 24, 25, 23, 21, 24, 22, 23, 25, 21, 21, 26, 25, 22, 26, 26, 37, 29, 29, 30, 31, 27, 31, 27]
[0, 0, 0, 0, 0, 0, 0, 0, 0, 6, 6, 7, 8, 9, 9, 9, 9, 10, 11, 11, 11, 11, 11, 12, 12, 13, 13, 13, 14, 14, 14, 14, 16, 16, 16, 16, 17, 17, 17, 17, 17, 17, 17, 17, 17, 18, 18, 18, 18, 19, 19, 19, 19, 20, 20, 20, 20, 24, 24, 25, 23, 21, 24, 22, 23, 25, 21, 21, 26, 25, 22, 26, 26, 37, 29, 29, 30, 31, 27, 31, 27]
[0, 0, 0, 0, 0, 0, 0, 0, 0, 6, 6, 7, 8, 9, 9, 9, 9, 10, 11, 11, 11, 11, 11, 12, 12, 13, 13, 13, 14, 14, 14, 14, 16, 16, 16, 16, 17, 17, 17, 17, 17, 17, 17, 17, 17, 18, 18, 18, 18, 19, 19, 19, 19, 20, 20, 20, 20, 24, 24, 25, 23, 21, 24, 22, 23, 25, 21, 21, 26, 25, 22, 26, 26, 37, 29, 29, 30, 31, 27, 31, 27]
[0, 0, 0, 0, 0, 0, 0, 0, 0, 6, 6, 7, 8, 9, 9, 9, 9, 10, 11, 11, 11, 11, 11, 12, 12, 13, 13, 13, 14, 14, 14, 14, 16, 16, 16, 16, 17, 17, 17, 17, 17, 17, 17, 17, 17, 18, 18, 18, 18, 19, 19, 19, 19, 20, 20, 20, 20, 24, 24, 25, 23, 21, 24, 22, 23, 25, 21, 21, 26, 25, 22, 26, 26, 37, 29, 29, 30, 31, 27, 31, 27]
[0, 0, 0, 0, 0, 0, 0, 0, 0, 6, 6, 7, 8, 9, 9, 9, 9, 10, 11, 11, 11, 11, 11, 12, 12, 13, 13, 13, 14, 14, 14, 14, 16, 16, 16, 16, 17, 17, 17, 17, 17, 17, 17, 17, 17, 18, 18, 18, 18, 19, 19, 19, 19, 20, 20, 20, 20, 21, 21, 21, 22, 22, 24, 24, 23, 25, 25, 23, 26, 25, 24, 26, 26, 37, 29, 29, 30, 31, 27, 31, 27]
[0, 0, 0, 0, 0, 0, 0, 0, 0, 6, 6, 7, 8, 9, 9, 9, 9, 10, 11, 11, 11, 11, 11, 12, 12, 13, 13, 13, 14, 14, 14, 14, 16, 16, 16, 16, 17, 17, 17, 17, 17, 17, 17, 17, 17, 18, 18, 18, 18, 19, 19, 19, 19, 20, 20, 20, 20, 21, 21, 21, 22, 22, 24, 24, 23, 25, 25, 23, 26, 25, 24, 26, 26, 37, 29, 29, 30, 31, 27, 31, 27]
[0, 0, 0, 0, 0, 0, 0, 0, 0, 6, 6, 7, 8, 9, 9, 9, 9, 10, 11, 11, 11, 11, 11, 12, 12, 13, 13, 13, 14, 14, 14, 14, 16, 16, 16, 16, 17, 17, 17, 17, 17, 17, 17, 17, 17, 18, 18, 18, 18, 19, 19, 19, 19, 20, 20, 20, 20, 21, 21, 21, 22, 22, 23, 23, 24, 24, 24, 25, 26, 25, 25, 26, 26, 37, 29, 29, 30, 31, 27, 31, 27]
[0, 0, 0, 0, 0, 0, 0, 0, 0, 6, 6, 7, 8, 9, 9, 9, 9, 10, 11, 11, 11, 11, 11, 12, 12, 13, 13, 13, 14, 14, 14, 14, 16, 16, 16, 16, 17, 17, 17, 17, 17, 17, 17, 17, 17, 18, 18, 18, 18, 19, 19, 19, 19, 20, 20, 20, 20, 21, 21, 21, 22, 22, 23, 23, 24, 24, 24, 25, 26, 25, 25, 26, 26, 37, 29, 29, 30, 31, 27, 31, 27]
[0, 0, 0, 0, 0, 0, 0, 0, 0, 6, 6, 7, 8, 9, 9, 9, 9, 10, 11, 11, 11, 11, 11, 12, 12, 13, 13, 13, 14, 14, 14, 14, 16, 16, 16, 16, 17, 17, 17, 17, 17, 17, 17, 17, 17, 18, 18, 18, 18, 19, 19, 19, 19, 20, 20, 20, 20, 21, 21, 21, 22, 22, 23, 23, 24, 24, 24, 25, 25, 25, 26, 26, 26, 37, 29, 29, 30, 31, 27, 31, 27]
[0, 0, 0, 0, 0, 0, 0, 0, 0, 6, 6, 7, 8, 9, 9, 9, 9, 10, 11, 11, 11, 11, 11, 12, 12, 13, 13, 13, 14, 14, 14, 14, 16, 16, 16, 16, 17, 17, 17, 17, 17, 17, 17, 17, 17, 18, 18, 18, 18, 19, 19, 19, 19, 20, 20, 20, 20, 21, 21, 21, 22, 22, 23, 23, 24, 24, 24, 25, 25, 25, 26, 26, 26, 37, 29, 29, 30, 31, 27, 31, 27]
[0, 0, 0, 0, 0, 0, 0, 0, 0, 6, 6, 7, 8, 9, 9, 9, 9, 10, 11, 11, 11, 11, 11, 12, 12, 13, 13, 13, 14, 14, 14, 14, 16, 16, 16, 16, 17, 17, 17, 17, 17, 17, 17, 17, 17, 18, 18, 18, 18, 19, 19, 19, 19, 20, 20, 20, 20, 21, 21, 21, 22, 22, 23, 23, 24, 24, 24, 25, 25, 25, 26, 26, 26, 37, 29, 29, 30, 31, 27, 31, 27]
[0, 0, 0, 0, 0, 0, 0, 0, 0, 6, 6, 7, 8, 9, 9, 9, 9, 10, 11, 11, 11, 11, 11, 12, 12, 13, 13, 13, 14, 14, 14, 14, 16, 16, 16, 16, 17, 17, 17, 17, 17, 17, 17, 17, 17, 18, 18, 18, 18, 19, 19, 19, 19, 20, 20, 20, 20, 21, 21, 21, 22, 22, 23, 23, 24, 24, 24, 25, 25, 25, 26, 26, 26, 37, 29, 29, 30, 31, 27, 31, 27]
[0, 0, 0, 0, 0, 0, 0, 0, 0, 6, 6, 7, 8, 9, 9, 9, 9, 10, 11, 11, 11, 11, 11, 12, 12, 13, 13, 13, 14, 14, 14, 14, 16, 16, 16, 16, 17, 17, 17, 17, 17, 17, 17, 17, 17, 18, 18, 18, 18, 19, 19, 19, 19, 20, 20, 20, 20, 21, 21, 21, 22, 22, 23, 23, 24, 24, 24, 25, 25, 25, 26, 26, 26, 37, 29, 29, 30, 31, 27, 31, 27]
[0, 0, 0, 0, 0, 0, 0, 0, 0, 6, 6, 7, 8, 9, 9, 9, 9, 10, 11, 11, 11, 11, 11, 12, 12, 13, 13, 13, 14, 14, 14, 14, 16, 16, 16, 16, 17, 17, 17, 17, 17, 17, 17, 17, 17, 18, 18, 18, 18, 19, 19, 19, 19, 20, 20, 20, 20, 21, 21, 21, 22, 22, 23, 23, 24, 24, 24, 25, 25, 25, 26, 26, 26, 37, 29, 29, 30, 31, 27, 31, 27]
[0, 0, 0, 0, 0, 0, 0, 0, 0, 6, 6, 7, 8, 9, 9, 9, 9, 10, 11, 11, 11, 11, 11, 12, 12, 13, 13, 13, 14, 14, 14, 14, 16, 16, 16, 16, 17, 17, 17, 17, 17, 17, 17, 17, 17, 18, 18, 18, 18, 19, 19, 19, 19, 20, 20, 20, 20, 21, 21, 21, 22, 22, 23, 23, 24, 24, 24, 25, 25, 25, 26, 26, 26, 27, 27, 29, 29, 30, 31, 31, 37]
[0, 0, 0, 0, 0, 0, 0, 0, 0, 6, 6, 7, 8, 9, 9, 9, 9, 10, 11, 11, 11, 11, 11, 12, 12, 13, 13, 13, 14, 14, 14, 14, 16, 16, 16, 16, 17, 17, 17, 17, 17, 17, 17, 17, 17, 18, 18, 18, 18, 19, 19, 19, 19, 20, 20, 20, 20, 21, 21, 21, 22, 22, 23, 23, 24, 24, 24, 25, 25, 25, 26, 26, 26, 27, 27, 29, 29, 30, 31, 31, 37]
[0, 0, 0, 0, 0, 0, 0, 0, 0, 6, 6, 7, 8, 9, 9, 9, 9, 10, 11, 11, 11, 11, 11, 12, 12, 13, 13, 13, 14, 14, 14, 14, 16, 16, 16, 16, 17, 17, 17, 17, 17, 17, 17, 17, 17, 18, 18, 18, 18, 19, 19, 19, 19, 20, 20, 20, 20, 21, 21, 21, 22, 22, 23, 23, 24, 24, 24, 25, 25, 25, 26, 26, 26, 27, 27, 29, 29, 30, 31, 31, 37]
[0, 0, 0, 0, 0, 0, 0, 0, 0, 6, 6, 7, 8, 9, 9, 9, 9, 10, 11, 11, 11, 11, 11, 12, 12, 13, 13, 13, 14, 14, 14, 14, 16, 16, 16, 16, 17, 17, 17, 17, 17, 17, 17, 17, 17, 18, 18, 18, 18, 19, 19, 19, 19, 20, 20, 20, 20, 21, 21, 21, 22, 22, 23, 23, 24, 24, 24, 25, 25, 25, 26, 26, 26, 27, 27, 29, 29, 30, 31, 31, 37]
[0, 0, 0, 0, 0, 0, 0, 0, 0, 6, 6, 7, 8, 9, 9, 9, 9, 10, 11, 11, 11, 11, 11, 12, 12, 13, 13, 13, 14, 14, 14, 14, 16, 16, 16, 16, 17, 17, 17, 17, 17, 17, 17, 17, 17, 18, 18, 18, 18, 19, 19, 19, 19, 20, 20, 20, 20, 21, 21, 21, 22, 22, 23, 23, 24, 24, 24, 25, 25, 25, 26, 26, 26, 27, 27, 29, 29, 30, 31, 31, 37]
[0, 0, 0, 0, 0, 0, 0, 0, 0, 6, 6, 7, 8, 9, 9, 9, 9, 10, 11, 11, 11, 11, 11, 12, 12, 13, 13, 13, 14, 14, 14, 14, 16, 16, 16, 16, 17, 17, 17, 17, 17, 17, 17, 17, 17, 18, 18, 18, 18, 19, 19, 19, 19, 20, 20, 20, 20, 21, 21, 21, 22, 22, 23, 23, 24, 24, 24, 25, 25, 25, 26, 26, 26, 27, 27, 29, 29, 30, 31, 31, 37]
[0, 0, 0, 0, 0, 0, 0, 0, 0, 6, 6, 7, 8, 9, 9, 9, 9, 10, 11, 11, 11, 11, 11, 12, 12, 13, 13, 13, 14, 14, 14, 14, 16, 16, 16, 16, 17, 17, 17, 17, 17, 17, 17, 17, 17, 18, 18, 18, 18, 19, 19, 19, 19, 20, 20, 20, 20, 21, 21, 21, 22, 22, 23, 23, 24, 24, 24, 25, 25, 25, 26, 26, 26, 27, 27, 29, 29, 30, 31, 31, 37]
[0, 0, 0, 0, 0, 0, 0, 0, 0, 6, 6, 7, 8, 9, 9, 9, 9, 10, 11, 11, 11, 11, 11, 12, 12, 13, 13, 13, 14, 14, 14, 14, 16, 16, 16, 16, 17, 17, 17, 17, 17, 17, 17, 17, 17, 18, 18, 18, 18, 19, 19, 19, 19, 20, 20, 20, 20, 21, 21, 21, 22, 22, 23, 23, 24, 24, 24, 25, 25, 25, 26, 26, 26, 27, 27, 29, 29, 30, 31, 31, 37]
[0, 0, 0, 0, 0, 0, 0, 0, 0, 17, 17, 14, 16, 9, 19, 25, 25, 26, 9, 6, 14, 9, 13, 8, 21, 17, 13, 6, 18, 12, 13, 26, 11, 14, 27, 21, 24, 11, 16, 22, 24, 22, 31, 31, 29, 12, 20, 11, 11, 27, 11, 18, 17, 14, 19, 30, 17, 21, 37, 17, 16, 20, 17, 25, 23, 20, 24, 29, 17, 17, 23, 9, 19, 19, 16, 20, 26, 10, 18, 7, 18]
[0, 0, 0, 0, 0, 0, 0, 0, 0, 17, 17, 14, 16, 9, 19, 25, 25, 26, 9, 6, 14, 9, 13, 8, 21, 17, 13, 6, 18, 12, 13, 26, 11, 14, 27, 21, 24, 11, 16, 22, 24, 22, 31, 31, 29, 12, 20, 11, 11, 27, 11, 18, 17, 14, 19, 30, 17, 21, 37, 17, 16, 20, 17, 25, 23, 20, 24, 29, 17, 17, 23, 9, 19, 19, 16, 20, 26, 10, 18, 7, 18]
[0, 0, 0, 0, 0, 0, 0, 0, 0, 17, 17, 14, 16, 9, 19, 25, 25, 26, 9, 6, 14, 9, 13, 8, 21, 17, 13, 6, 18, 12, 13, 26, 11, 14, 27, 21, 24, 11, 16, 22, 24, 22, 31, 31, 29, 12, 20, 11, 11, 27, 11, 18, 17, 14, 19, 30, 17, 21, 37, 17, 16, 20, 17, 25, 23, 20, 24, 29, 17, 17, 23, 9, 19, 19, 16, 20, 26, 10, 18, 7, 18]
[0, 0, 0, 0, 0, 0, 0, 0, 0, 17, 17, 14, 16, 9, 19, 25, 25, 26, 9, 6, 14, 9, 13, 8, 21, 17, 13, 6, 18, 12, 13, 26, 11, 14, 27, 21, 24, 11, 16, 22, 24, 22, 31, 31, 29, 12, 20, 11, 11, 27, 11, 18, 17, 14, 19, 30, 17, 21, 37, 17, 16, 20, 17, 25, 23, 20, 24, 29, 17, 17, 23, 9, 19, 19, 16, 20, 26, 10, 18, 7, 18]
[0, 0, 0, 0, 0, 0, 0, 0, 0, 17, 17, 14, 16, 9, 19, 25, 25, 26, 9, 6, 14, 9, 13, 8, 21, 17, 13, 6, 18, 12, 13, 26, 11, 14, 27, 21, 24, 11, 16, 22, 24, 22, 31, 31, 29, 12, 20, 11, 11, 27, 11, 18, 17, 14, 19, 30, 17, 21, 37, 17, 16, 20, 17, 25, 23, 20, 24, 29, 17, 17, 23, 9, 19, 19, 16, 20, 26, 10, 18, 7, 18]
[0, 0, 0, 0, 0, 0, 0, 0, 0, 17, 17, 14, 16, 9, 19, 25, 25, 26, 9, 6, 14, 9, 13, 8, 21, 17, 13, 6, 18, 12, 13, 26, 11, 14, 27, 21, 24, 11, 16, 22, 24, 22, 31, 31, 29, 12, 20, 11, 11, 27, 11, 18, 17, 14, 19, 30, 17, 21, 37, 17, 16, 20, 17, 25, 23, 20, 24, 29, 17, 17, 23, 9, 19, 19, 16, 20, 26, 10, 18, 7, 18]
[0, 0, 0, 0, 0, 0, 0, 0, 0, 17, 17, 14, 16, 9, 19, 25, 25, 26, 9, 6, 14, 9, 13, 8, 21, 17, 13, 6, 18, 12, 13, 26, 11, 14, 27, 21, 24, 11, 16, 22, 24, 22, 31, 31, 29, 12, 20, 11, 11, 27, 11, 18, 17, 14, 19, 30, 17, 21, 37, 17, 16, 20, 17, 25, 23, 20, 24, 29, 17, 17, 23, 9, 19, 19, 16, 20, 26, 10, 18, 7, 18]
[0, 0, 0, 0, 0, 0, 0, 0, 0, 6, 6, 7, 16, 9, 9, 17, 14, 9, 13, 8, 17, 13, 17, 18, 12, 13, 11, 14, 11, 16, 12, 11, 11, 11, 18, 17, 14, 17, 17, 16, 17, 17, 17, 9, 16, 10, 18, 14, 18, 27, 19, 27, 21, 24, 19, 30, 25, 21, 37, 21, 22, 20, 24, 25, 23, 20, 24, 29, 22, 31, 23, 31, 19, 19, 29, 20, 26, 25, 20, 26, 26]
[0, 0, 0, 0, 0, 0, 0, 0, 0, 6, 6, 7, 8, 9, 9, 9, 9, 10, 13, 12, 13, 11, 14, 11, 12, 11, 11, 11, 14, 13, 14, 14, 16, 17, 18, 17, 18, 17, 17, 16, 17, 17, 17, 16, 16, 17, 18, 17, 18, 27, 19, 27, 21, 24, 19, 30, 25, 21, 37, 21, 22, 20, 24, 25, 23, 20, 24, 29, 22, 31, 23, 31, 19, 19, 29, 20, 26, 25, 20, 26, 26]
[0, 0, 0, 0, 0, 0, 0, 0, 0, 6, 6, 7, 8, 9, 9, 9, 9, 10, 13, 12, 13, 11, 14, 11, 12, 11, 11, 11, 14, 13, 14, 14, 16, 17, 18, 17, 18, 17, 17, 16, 17, 17, 17, 16, 16, 17, 18, 17, 18, 27, 19, 27, 21, 24, 19, 30, 25, 21, 37, 21, 22, 20, 24, 25, 23, 20, 24, 29, 22, 31, 23, 31, 19, 19, 29, 20, 26, 25, 20, 26, 26]
[0, 0, 0, 0, 0, 0, 0, 0, 0, 6, 6, 7, 8, 9, 9, 9, 9, 10, 13, 12, 13, 11, 14, 11, 12, 11, 11, 11, 14, 13, 14, 14, 16, 17, 18, 17, 18, 17, 17, 16, 17, 17, 17, 16, 16, 17, 18, 17, 18, 27, 19, 27, 21, 24, 19, 30, 25, 21, 37, 21, 22, 20, 24, 25, 23, 20, 24, 29, 22, 31, 23, 31, 19, 19, 29, 20, 26, 25, 20, 26, 26]
[0, 0, 0, 0, 0, 0, 0, 0, 0, 6, 6, 7, 8, 9, 9, 9, 9, 10, 13, 12, 13, 11, 14, 11, 12, 11, 11, 11, 14, 13, 14, 14, 16, 17, 18, 17, 18, 17, 17, 16, 17, 17, 17, 16, 16, 17, 18, 17, 18, 27, 19, 27, 21, 24, 19, 30, 25, 21, 37, 21, 22, 20, 24, 25, 23, 20, 24, 29, 22, 31, 23, 31, 19, 19, 29, 20, 26, 25, 20, 26, 26]
[0, 0, 0, 0, 0, 0, 0, 0, 0, 6, 6, 7, 8, 9, 9, 9, 9, 10, 11, 11, 11, 11, 11, 12, 13, 13, 12, 13, 14, 14, 14, 14, 16, 17, 18, 17, 18, 17, 17, 16, 17, 17, 17, 16, 16, 17, 18, 17, 18, 27, 19, 27, 21, 24, 19, 30, 25, 21, 37, 21, 22, 20, 24, 25, 23, 20, 24, 29, 22, 31, 23, 31, 19, 19, 29, 20, 26, 25, 20, 26, 26]
[0, 0, 0, 0, 0, 0, 0, 0, 0, 6, 6, 7, 8, 9, 9, 9, 9, 10, 11, 11, 11, 11, 11, 12, 13, 13, 12, 13, 14, 14, 14, 14, 16, 17, 18, 17, 18, 17, 17, 16, 17, 17, 17, 16, 16, 17, 18, 17, 18, 27, 19, 27, 21, 24, 19, 30, 25, 21, 37, 21, 22, 20, 24, 25, 23, 20, 24, 29, 22, 31, 23, 31, 19, 19, 29, 20, 26, 25, 20, 26, 26]
[0, 0, 0, 0, 0, 0, 0, 0, 0, 6, 6, 7, 8, 9, 9, 9, 9, 10, 11, 11, 11, 11, 11, 12, 13, 13, 12, 13, 14, 14, 14, 14, 16, 17, 18, 17, 18, 17, 17, 16, 17, 17, 17, 16, 16, 17, 18, 17, 18, 27, 19, 27, 21, 24, 19, 30, 25, 21, 37, 21, 22, 20, 24, 25, 23, 20, 24, 29, 22, 31, 23, 31, 19, 19, 29, 20, 26, 25, 20, 26, 26]
[0, 0, 0, 0, 0, 0, 0, 0, 0, 6, 6, 7, 8, 9, 9, 9, 9, 10, 11, 11, 11, 11, 11, 12, 12, 13, 13, 13, 14, 14, 14, 14, 16, 17, 18, 17, 18, 17, 17, 16, 17, 17, 17, 16, 16, 17, 18, 17, 18, 27, 19, 27, 21, 24, 19, 30, 25, 21, 37, 21, 22, 20, 24, 25, 23, 20, 24, 29, 22, 31, 23, 31, 19, 19, 29, 20, 26, 25, 20, 26, 26]
[0, 0, 0, 0, 0, 0, 0, 0, 0, 6, 6, 7, 8, 9, 9, 9, 9, 10, 11, 11, 11, 11, 11, 12, 12, 13, 13, 13, 14, 14, 14, 14, 16, 17, 18, 17, 18, 17, 17, 16, 17, 17, 17, 16, 16, 17, 18, 17, 18, 27, 19, 27, 21, 24, 19, 30, 25, 21, 37, 21, 22, 20, 24, 25, 23, 20, 24, 29, 22, 31, 23, 31, 19, 19, 29, 20, 26, 25, 20, 26, 26]
[0, 0, 0, 0, 0, 0, 0, 0, 0, 6, 6, 7, 8, 9, 9, 9, 9, 10, 11, 11, 11, 11, 11, 12, 12, 13, 13, 13, 14, 14, 14, 14, 16, 17, 18, 17, 18, 17, 17, 16, 17, 17, 17, 16, 16, 17, 18, 17, 18, 27, 19, 27, 21, 24, 19, 30, 25, 21, 37, 21, 22, 20, 24, 25, 23, 20, 24, 29, 22, 31, 23, 31, 19, 19, 29, 20, 26, 25, 20, 26, 26]
[0, 0, 0, 0, 0, 0, 0, 0, 0, 6, 6, 7, 8, 9, 9, 9, 9, 10, 11, 11, 11, 11, 11, 12, 12, 13, 13, 13, 14, 14, 14, 14, 16, 17, 18, 17, 18, 17, 17, 16, 17, 17, 17, 16, 16, 17, 18, 17, 18, 27, 19, 27, 21, 24, 19, 30, 25, 21, 37, 21, 22, 20, 24, 25, 23, 20, 24, 29, 22, 31, 23, 31, 19, 19, 29, 20, 26, 25, 20, 26, 26]
[0, 0, 0, 0, 0, 0, 0, 0, 0, 6, 6, 7, 8, 9, 9, 9, 9, 10, 11, 11, 11, 11, 11, 12, 12, 13, 13, 13, 14, 14, 14, 14, 16, 17, 18, 17, 18, 17, 17, 16, 17, 17, 17, 16, 16, 17, 18, 17, 18, 27, 19, 27, 21, 24, 19, 30, 25, 21, 37, 21, 22, 20, 24, 25, 23, 20, 24, 29, 22, 31, 23, 31, 19, 19, 29, 20, 26, 25, 20, 26, 26]
[0, 0, 0, 0, 0, 0, 0, 0, 0, 6, 6, 7, 8, 9, 9, 9, 9, 10, 11, 11, 11, 11, 11, 12, 12, 13, 13, 13, 14, 14, 14, 14, 16, 17, 18, 17, 18, 17, 17, 16, 17, 17, 17, 16, 16, 17, 18, 17, 18, 27, 19, 27, 21, 24, 19, 30, 25, 21, 37, 21, 22, 20, 24, 25, 23, 20, 24, 29, 22, 31, 23, 31, 19, 19, 29, 20, 26, 25, 20, 26, 26]
[0, 0, 0, 0, 0, 0, 0, 0, 0, 6, 6, 7, 8, 9, 9, 9, 9, 10, 11, 11, 11, 11, 11, 12, 12, 13, 13, 13, 14, 14, 14, 14, 16, 17, 18, 17, 18, 17, 17, 16, 17, 17, 17, 16, 16, 17, 18, 17, 18, 27, 19, 27, 21, 24, 19, 30, 25, 21, 37, 21, 22, 20, 24, 25, 23, 20, 24, 29, 22, 31, 23, 31, 19, 19, 29, 20, 26, 25, 20, 26, 26]
[0, 0, 0, 0, 0, 0, 0, 0, 0, 6, 6, 7, 8, 9, 9, 9, 9, 10, 11, 11, 11, 11, 11, 12, 12, 13, 13, 13, 14, 14, 14, 14, 16, 16, 16, 16, 17, 17, 17, 17, 17, 17, 17, 17, 17, 18, 18, 18, 18, 27, 19, 27, 21, 24, 19, 30, 25, 21, 37, 21, 22, 20, 24, 25, 23, 20, 24, 29, 22, 31, 23, 31, 19, 19, 29, 20, 26, 25, 20, 26, 26]
[0, 0, 0, 0, 0, 0, 0, 0, 0, 6, 6, 7, 8, 9, 9, 9, 9, 10, 11, 11, 11, 11, 11, 12, 12, 13, 13, 13, 14, 14, 14, 14, 16, 16, 16, 16, 17, 17, 17, 17, 17, 17, 17, 17, 17, 18, 18, 18, 18, 27, 19, 27, 21, 24, 19, 30, 25, 21, 37, 21, 22, 20, 24, 25, 23, 20, 24, 29, 22, 31, 23, 31, 19, 19, 29, 20, 26, 25, 20, 26, 26]
[0, 0, 0, 0, 0, 0, 0, 0, 0, 6, 6, 7, 8, 9, 9, 9, 9, 10, 11, 11, 11, 11, 11, 12, 12, 13, 13, 13, 14, 14, 14, 14, 16, 16, 16, 16, 17, 17, 17, 17, 17, 17, 17, 17, 17, 18, 18, 18, 18, 27, 19, 27, 21, 24, 19, 30, 25, 21, 37, 21, 22, 20, 24, 25, 23, 20, 24, 29, 22, 31, 23, 31, 19, 19, 29, 20, 26, 25, 20, 26, 26]
[0, 0, 0, 0, 0, 0, 0, 0, 0, 6, 6, 7, 8, 9, 9, 9, 9, 10, 11, 11, 11, 11, 11, 12, 12, 13, 13, 13, 14, 14, 14, 14, 16, 16, 16, 16, 17, 17, 17, 17, 17, 17, 17, 17, 17, 18, 18, 18, 18, 27, 19, 27, 21, 24, 19, 30, 25, 21, 37, 21, 22, 20, 24, 25, 23, 20, 24, 29, 22, 31, 23, 31, 19, 19, 29, 20, 26, 25, 20, 26, 26]
[0, 0, 0, 0, 0, 0, 0, 0, 0, 6, 6, 7, 8, 9, 9, 9, 9, 10, 11, 11, 11, 11, 11, 12, 12, 13, 13, 13, 14, 14, 14, 14, 16, 16, 16, 16, 17, 17, 17, 17, 17, 17, 17, 17, 17, 18, 18, 18, 18, 27, 19, 27, 21, 24, 19, 30, 25, 21, 37, 21, 22, 20, 24, 25, 23, 20, 24, 29, 22, 31, 23, 31, 19, 19, 29, 20, 26, 25, 20, 26, 26]
[0, 0, 0, 0, 0, 0, 0, 0, 0, 6, 6, 7, 8, 9, 9, 9, 9, 10, 11, 11, 11, 11, 11, 12, 12, 13, 13, 13, 14, 14, 14, 14, 16, 16, 16, 16, 17, 17, 17, 17, 17, 17, 17, 17, 17, 18, 18, 18, 18, 27, 19, 27, 21, 24, 19, 30, 25, 21, 37, 21, 22, 20, 24, 25, 23, 20, 24, 29, 22, 31, 23, 31, 19, 19, 29, 20, 26, 25, 20, 26, 26]
[0, 0, 0, 0, 0, 0, 0, 0, 0, 6, 6, 7, 8, 9, 9, 9, 9, 10, 11, 11, 11, 11, 11, 12, 12, 13, 13, 13, 14, 14, 14, 14, 16, 16, 16, 16, 17, 17, 17, 17, 17, 17, 17, 17, 17, 18, 18, 18, 18, 27, 19, 27, 21, 24, 19, 30, 25, 21, 37, 21, 22, 20, 24, 25, 23, 20, 24, 29, 22, 31, 23, 31, 19, 19, 29, 20, 26, 25, 20, 26, 26]
[0, 0, 0, 0, 0, 0, 0, 0, 0, 6, 6, 7, 8, 9, 9, 9, 9, 10, 11, 11, 11, 11, 11, 12, 12, 13, 13, 13, 14, 14, 14, 14, 16, 16, 16, 16, 17, 17, 17, 17, 17, 17, 17, 17, 17, 18, 18, 18, 18, 27, 19, 27, 21, 24, 19, 30, 25, 21, 37, 21, 22, 20, 24, 25, 23, 20, 24, 29, 22, 31, 23, 31, 19, 19, 29, 20, 26, 25, 20, 26, 26]
[0, 0, 0, 0, 0, 0, 0, 0, 0, 6, 6, 7, 8, 9, 9, 9, 9, 10, 11, 11, 11, 11, 11, 12, 12, 13, 13, 13, 14, 14, 14, 14, 16, 16, 16, 16, 17, 17, 17, 17, 17, 17, 17, 17, 17, 18, 18, 18, 18, 27, 19, 27, 21, 24, 19, 30, 25, 21, 37, 21, 22, 20, 24, 25, 23, 20, 24, 29, 22, 31, 23, 31, 19, 19, 29, 20, 26, 25, 20, 26, 26]
[0, 0, 0, 0, 0, 0, 0, 0, 0, 6, 6, 7, 8, 9, 9, 9, 9, 10, 11, 11, 11, 11, 11, 12, 12, 13, 13, 13, 14, 14, 14, 14, 16, 16, 16, 16, 17, 17, 17, 17, 17, 17, 17, 17, 17, 18, 18, 18, 18, 27, 19, 27, 21, 24, 19, 30, 25, 21, 37, 21, 22, 20, 24, 25, 23, 20, 24, 29, 22, 31, 23, 31, 19, 19, 29, 20, 26, 25, 20, 26, 26]
[0, 0, 0, 0, 0, 0, 0, 0, 0, 6, 6, 7, 8, 9, 9, 9, 9, 10, 11, 11, 11, 11, 11, 12, 12, 13, 13, 13, 14, 14, 14, 14, 16, 16, 16, 16, 17, 17, 17, 17, 17, 17, 17, 17, 17, 18, 18, 18, 18, 27, 19, 27, 21, 24, 19, 30, 25, 21, 37, 21, 22, 20, 24, 25, 23, 20, 24, 29, 22, 31, 23, 31, 19, 19, 29, 20, 26, 25, 20, 26, 26]
[0, 0, 0, 0, 0, 0, 0, 0, 0, 6, 6, 7, 8, 9, 9, 9, 9, 10, 11, 11, 11, 11, 11, 12, 12, 13, 13, 13, 14, 14, 14, 14, 16, 16, 16, 16, 17, 17, 17, 17, 17, 17, 17, 17, 17, 18, 18, 18, 18, 27, 19, 27, 21, 24, 19, 30, 25, 21, 37, 21, 22, 20, 24, 25, 23, 20, 24, 29, 22, 31, 23, 31, 19, 19, 29, 20, 26, 25, 20, 26, 26]
[0, 0, 0, 0, 0, 0, 0, 0, 0, 6, 6, 7, 8, 9, 9, 9, 9, 10, 11, 11, 11, 11, 11, 12, 12, 13, 13, 13, 14, 14, 14, 14, 16, 16, 16, 16, 17, 17, 17, 17, 17, 17, 17, 17, 17, 18, 18, 18, 18, 27, 19, 27, 21, 24, 19, 30, 25, 21, 37, 21, 22, 20, 24, 25, 23, 20, 24, 29, 22, 31, 23, 31, 19, 19, 29, 20, 26, 25, 20, 26, 26]
[0, 0, 0, 0, 0, 0, 0, 0, 0, 6, 6, 7, 8, 9, 9, 9, 9, 10, 11, 11, 11, 11, 11, 12, 12, 13, 13, 13, 14, 14, 14, 14, 16, 16, 16, 16, 17, 17, 17, 17, 17, 17, 17, 17, 17, 18, 18, 18, 18, 27, 19, 27, 21, 24, 19, 30, 25, 21, 37, 21, 22, 20, 24, 25, 23, 20, 24, 29, 22, 31, 23, 31, 19, 19, 29, 20, 26, 25, 20, 26, 26]
[0, 0, 0, 0, 0, 0, 0, 0, 0, 6, 6, 7, 8, 9, 9, 9, 9, 10, 11, 11, 11, 11, 11, 12, 12, 13, 13, 13, 14, 14, 14, 14, 16, 16, 16, 16, 17, 17, 17, 17, 17, 17, 17, 17, 17, 18, 18, 18, 18, 27, 19, 27, 21, 24, 19, 30, 25, 21, 37, 21, 22, 20, 24, 25, 23, 20, 24, 29, 22, 31, 23, 31, 19, 19, 29, 20, 26, 25, 20, 26, 26]
[0, 0, 0, 0, 0, 0, 0, 0, 0, 6, 6, 7, 8, 9, 9, 9, 9, 10, 11, 11, 11, 11, 11, 12, 12, 13, 13, 13, 14, 14, 14, 14, 16, 16, 16, 16, 17, 17, 17, 17, 17, 17, 17, 17, 17, 18, 18, 18, 18, 19, 19, 19, 19, 20, 20, 20, 20, 24, 24, 25, 23, 21, 24, 22, 23, 25, 21, 21, 26, 25, 22, 26, 26, 37, 29, 29, 30, 31, 27, 31, 27]
[0, 0, 0, 0, 0, 0, 0, 0, 0, 6, 6, 7, 8, 9, 9, 9, 9, 10, 11, 11, 11, 11, 11, 12, 12, 13, 13, 13, 14, 14, 14, 14, 16, 16, 16, 16, 17, 17, 17, 17, 17, 17, 17, 17, 17, 18, 18, 18, 18, 19, 19, 19, 19, 20, 20, 20, 20, 24, 24, 25, 23, 21, 24, 22, 23, 25, 21, 21, 26, 25, 22, 26, 26, 37, 29, 29, 30, 31, 27, 31, 27]
[0, 0, 0, 0, 0, 0, 0, 0, 0, 6, 6, 7, 8, 9, 9, 9, 9, 10, 11, 11, 11, 11, 11, 12, 12, 13, 13, 13, 14, 14, 14, 14, 16, 16, 16, 16, 17, 17, 17, 17, 17, 17, 17, 17, 17, 18, 18, 18, 18, 19, 19, 19, 19, 20, 20, 20, 20, 24, 24, 25, 23, 21, 24, 22, 23, 25, 21, 21, 26, 25, 22, 26, 26, 37, 29, 29, 30, 31, 27, 31, 27]
[0, 0, 0, 0, 0, 0, 0, 0, 0, 6, 6, 7, 8, 9, 9, 9, 9, 10, 11, 11, 11, 11, 11, 12, 12, 13, 13, 13, 14, 14, 14, 14, 16, 16, 16, 16, 17, 17, 17, 17, 17, 17, 17, 17, 17, 18, 18, 18, 18, 19, 19, 19, 19, 20, 20, 20, 20, 24, 24, 25, 23, 21, 24, 22, 23, 25, 21, 21, 26, 25, 22, 26, 26, 37, 29, 29, 30, 31, 27, 31, 27]
[0, 0, 0, 0, 0, 0, 0, 0, 0, 6, 6, 7, 8, 9, 9, 9, 9, 10, 11, 11, 11, 11, 11, 12, 12, 13, 13, 13, 14, 14, 14, 14, 16, 16, 16, 16, 17, 17, 17, 17, 17, 17, 17, 17, 17, 18, 18, 18, 18, 19, 19, 19, 19, 20, 20, 20, 20, 24, 24, 25, 23, 21, 24, 22, 23, 25, 21, 21, 26, 25, 22, 26, 26, 37, 29, 29, 30, 31, 27, 31, 27]
[0, 0, 0, 0, 0, 0, 0, 0, 0, 6, 6, 7, 8, 9, 9, 9, 9, 10, 11, 11, 11, 11, 11, 12, 12, 13, 13, 13, 14, 14, 14, 14, 16, 16, 16, 16, 17, 17, 17, 17, 17, 17, 17, 17, 17, 18, 18, 18, 18, 19, 19, 19, 19, 20, 20, 20, 20, 21, 21, 21, 22, 22, 24, 24, 23, 25, 25, 23, 26, 25, 24, 26, 26, 37, 29, 29, 30, 31, 27, 31, 27]
[0, 0, 0, 0, 0, 0, 0, 0, 0, 6, 6, 7, 8, 9, 9, 9, 9, 10, 11, 11, 11, 11, 11, 12, 12, 13, 13, 13, 14, 14, 14, 14, 16, 16, 16, 16, 17, 17, 17, 17, 17, 17, 17, 17, 17, 18, 18, 18, 18, 19, 19, 19, 19, 20, 20, 20, 20, 21, 21, 21, 22, 22, 24, 24, 23, 25, 25, 23, 26, 25, 24, 26, 26, 37, 29, 29, 30, 31, 27, 31, 27]
[0, 0, 0, 0, 0, 0, 0, 0, 0, 6, 6, 7, 8, 9, 9, 9, 9, 10, 11, 11, 11, 11, 11, 12, 12, 13, 13, 13, 14, 14, 14, 14, 16, 16, 16, 16, 17, 17, 17, 17, 17, 17, 17, 17, 17, 18, 18, 18, 18, 19, 19, 19, 19, 20, 20, 20, 20, 21, 21, 21, 22, 22, 23, 23, 24, 24, 24, 25, 26, 25, 25, 26, 26, 37, 29, 29, 30, 31, 27, 31, 27]
[0, 0, 0, 0, 0, 0, 0, 0, 0, 6, 6, 7, 8, 9, 9, 9, 9, 10, 11, 11, 11, 11, 11, 12, 12, 13, 13, 13, 14, 14, 14, 14, 16, 16, 16, 16, 17, 17, 17, 17, 17, 17, 17, 17, 17, 18, 18, 18, 18, 19, 19, 19, 19, 20, 20, 20, 20, 21, 21, 21, 22, 22, 23, 23, 24, 24, 24, 25, 26, 25, 25, 26, 26, 37, 29, 29, 30, 31, 27, 31, 27]
[0, 0, 0, 0, 0, 0, 0, 0, 0, 6, 6, 7, 8, 9, 9, 9, 9, 10, 11, 11, 11, 11, 11, 12, 12, 13, 13, 13, 14, 14, 14, 14, 16, 16, 16, 16, 17, 17, 17, 17, 17, 17, 17, 17, 17, 18, 18, 18, 18, 19, 19, 19, 19, 20, 20, 20, 20, 21, 21, 21, 22, 22, 23, 23, 24, 24, 24, 25, 25, 25, 26, 26, 26, 37, 29, 29, 30, 31, 27, 31, 27]
[0, 0, 0, 0, 0, 0, 0, 0, 0, 6, 6, 7, 8, 9, 9, 9, 9, 10, 11, 11, 11, 11, 11, 12, 12, 13, 13, 13, 14, 14, 14, 14, 16, 16, 16, 16, 17, 17, 17, 17, 17, 17, 17, 17, 17, 18, 18, 18, 18, 19, 19, 19, 19, 20, 20, 20, 20, 21, 21, 21, 22, 22, 23, 23, 24, 24, 24, 25, 25, 25, 26, 26, 26, 37, 29, 29, 30, 31, 27, 31, 27]
[0, 0, 0, 0, 0, 0, 0, 0, 0, 6, 6, 7, 8, 9, 9, 9, 9, 10, 11, 11, 11, 11, 11, 12, 12, 13, 13, 13, 14, 14, 14, 14, 16, 16, 16, 16, 17, 17, 17, 17, 17, 17, 17, 17, 17, 18, 18, 18, 18, 19, 19, 19, 19, 20, 20, 20, 20, 21, 21, 21, 22, 22, 23, 23, 24, 24, 24, 25, 25, 25, 26, 26, 26, 37, 29, 29, 30, 31, 27, 31, 27]
[0, 0, 0, 0, 0, 0, 0, 0, 0, 6, 6, 7, 8, 9, 9, 9, 9, 10, 11, 11, 11, 11, 11, 12, 12, 13, 13, 13, 14, 14, 14, 14, 16, 16, 16, 16, 17, 17, 17, 17, 17, 17, 17, 17, 17, 18, 18, 18, 18, 19, 19, 19, 19, 20, 20, 20, 20, 21, 21, 21, 22, 22, 23, 23, 24, 24, 24, 25, 25, 25, 26, 26, 26, 37, 29, 29, 30, 31, 27, 31, 27]
[0, 0, 0, 0, 0, 0, 0, 0, 0, 6, 6, 7, 8, 9, 9, 9, 9, 10, 11, 11, 11, 11, 11, 12, 12, 13, 13, 13, 14, 14, 14, 14, 16, 16, 16, 16, 17, 17, 17, 17, 17, 17, 17, 17, 17, 18, 18, 18, 18, 19, 19, 19, 19, 20, 20, 20, 20, 21, 21, 21, 22, 22, 23, 23, 24, 24, 24, 25, 25, 25, 26, 26, 26, 37, 29, 29, 30, 31, 27, 31, 27]
[0, 0, 0, 0, 0, 0, 0, 0, 0, 6, 6, 7, 8, 9, 9, 9, 9, 10, 11, 11, 11, 11, 11, 12, 12, 13, 13, 13, 14, 14, 14, 14, 16, 16, 16, 16, 17, 17, 17, 17, 17, 17, 17, 17, 17, 18, 18, 18, 18, 19, 19, 19, 19, 20, 20, 20, 20, 21, 21, 21, 22, 22, 23, 23, 24, 24, 24, 25, 25, 25, 26, 26, 26, 37, 29, 29, 30, 31, 27, 31, 27]
[0, 0, 0, 0, 0, 0, 0, 0, 0, 6, 6, 7, 8, 9, 9, 9, 9, 10, 11, 11, 11, 11, 11, 12, 12, 13, 13, 13, 14, 14, 14, 14, 16, 16, 16, 16, 17, 17, 17, 17, 17, 17, 17, 17, 17, 18, 18, 18, 18, 19, 19, 19, 19, 20, 20, 20, 20, 21, 21, 21, 22, 22, 23, 23, 24, 24, 24, 25, 25, 25, 26, 26, 26, 27, 27, 29, 29, 30, 31, 31, 37]
[0, 0, 0, 0, 0, 0, 0, 0, 0, 6, 6, 7, 8, 9, 9, 9, 9, 10, 11, 11, 11, 11, 11, 12, 12, 13, 13, 13, 14, 14, 14, 14, 16, 16, 16, 16, 17, 17, 17, 17, 17, 17, 17, 17, 17, 18, 18, 18, 18, 19, 19, 19, 19, 20, 20, 20, 20, 21, 21, 21, 22, 22, 23, 23, 24, 24, 24, 25, 25, 25, 26, 26, 26, 27, 27, 29, 29, 30, 31, 31, 37]
[0, 0, 0, 0, 0, 0, 0, 0, 0, 6, 6, 7, 8, 9, 9, 9, 9, 10, 11, 11, 11, 11, 11, 12, 12, 13, 13, 13, 14, 14, 14, 14, 16, 16, 16, 16, 17, 17, 17, 17, 17, 17, 17, 17, 17, 18, 18, 18, 18, 19, 19, 19, 19, 20, 20, 20, 20, 21, 21, 21, 22, 22, 23, 23, 24, 24, 24, 25, 25, 25, 26, 26, 26, 27, 27, 29, 29, 30, 31, 31, 37]
[0, 0, 0, 0, 0, 0, 0, 0, 0, 6, 6, 7, 8, 9, 9, 9, 9, 10, 11, 11, 11, 11, 11, 12, 12, 13, 13, 13, 14, 14, 14, 14, 16, 16, 16, 16, 17, 17, 17, 17, 17, 17, 17, 17, 17, 18, 18, 18, 18, 19, 19, 19, 19, 20, 20, 20, 20, 21, 21, 21, 22, 22, 23, 23, 24, 24, 24, 25, 25, 25, 26, 26, 26, 27, 27, 29, 29, 30, 31, 31, 37]
[0, 0, 0, 0, 0, 0, 0, 0, 0, 6, 6, 7, 8, 9, 9, 9, 9, 10, 11, 11, 11, 11, 11, 12, 12, 13, 13, 13, 14, 14, 14, 14, 16, 16, 16, 16, 17, 17, 17, 17, 17, 17, 17, 17, 17, 18, 18, 18, 18, 19, 19, 19, 19, 20, 20, 20, 20, 21, 21, 21, 22, 22, 23, 23, 24, 24, 24, 25, 25, 25, 26, 26, 26, 27, 27, 29, 29, 30, 31, 31, 37]
[0, 0, 0, 0, 0, 0, 0, 0, 0, 6, 6, 7, 8, 9, 9, 9, 9, 10, 11, 11, 11, 11, 11, 12, 12, 13, 13, 13, 14, 14, 14, 14, 16, 16, 16, 16, 17, 17, 17, 17, 17, 17, 17, 17, 17, 18, 18, 18, 18, 19, 19, 19, 19, 20, 20, 20, 20, 21, 21, 21, 22, 22, 23, 23, 24, 24, 24, 25, 25, 25, 26, 26, 26, 27, 27, 29, 29, 30, 31, 31, 37]
[0, 0, 0, 0, 0, 0, 0, 0, 0, 6, 6, 7, 8, 9, 9, 9, 9, 10, 11, 11, 11, 11, 11, 12, 12, 13, 13, 13, 14, 14, 14, 14, 16, 16, 16, 16, 17, 17, 17, 17, 17, 17, 17, 17, 17, 18, 18, 18, 18, 19, 19, 19, 19, 20, 20, 20, 20, 21, 21, 21, 22, 22, 23, 23, 24, 24, 24, 25, 25, 25, 26, 26, 26, 27, 27, 29, 29, 30, 31, 31, 37]
Tempo:4.012528

