APS - 4 SEMESTRE
-------------------------Listas---------------------------
Lista de Tempo: 
[0, 17, 14, 13, 24, 11, 16, 23, 18, 17, 0, 14, 16, 9, 19, 25, 25, 26, 9, 6, 0, 9, 13, 8, 21, 17, 13, 6, 18, 12, 0, 26, 11, 14, 27, 21, 24, 11, 16, 22, 0, 22, 31, 31, 29, 12, 20, 11, 11, 27, 0, 18, 17, 14, 19, 30, 17, 21, 37, 17, 0, 20, 17, 25, 23, 20, 24, 29, 17, 17, 0, 9, 19, 19, 16, 20, 26, 10, 18, 7, 0]
------------Bubble Sort-------------------------------
[0, 0, 0, 0, 0, 0, 0, 0, 0, 6, 6, 7, 8, 9, 9, 9, 9, 10, 11, 11, 11, 11, 11, 12, 12, 13, 13, 13, 14, 14, 14, 14, 16, 16, 16, 16, 17, 17, 17, 17, 17, 17, 17, 17, 17, 18, 18, 18, 18, 19, 19, 19, 19, 20, 20, 20, 20, 21, 21, 21, 22, 22, 23, 23, 24, 24, 24, 25, 25, 25, 26, 26, 26, 27, 27, 29, 29, 30, 31, 31, 37]
Tempo:0.364928
------------Insertion Sort-------------------------------
[0, 0, 0, 0, 0, 0, 0, 0, 0, 6, 6, 7, 8, 9, 9, 9, 9, 10, 11, 11, 11, 11, 11, 12, 12, 13, 13, 13, 14, 14, 14, 14, 16, 16, 16, 16, 17, 17, 17, 17, 17, 17, 17, 17, 17, 18, 18, 18, 18, 19, 19, 19, 19, 20, 20, 20, 20, 21, 21, 21, 22, 22, 23, 23, 24, 24, 24, 25, 25, 25, 26, 26, 26, 27, 27, 29, 29, 30, 31, 31, 37]
Tempo:0.150183
------------Quick Sort-------------------------------
[0, 0, 0, 0, 0, 0, 0, 0, 0, 6, 6, 7, 8, 9, 9, 9, 9, 10, 11, 11, 11, 11, 11, 12, 12, 13, 13, 13, 14, 14, 14, 14, 16, 16, 16, 16, 17, 17, 17, 17, 17, 17, 17, 17, 17, 18, 18, 18, 18, 19, 19, 19, 19, 20, 20, 20, 20, 21, 21, 21, 22, 22, 23, 23, 24, 24, 24, 25, 25, 25, 26, 26, 26, 27, 27, 29, 29, 30, 31, 31, 37]
Tempo:0.090694
------------Selection Sort-------------------------------
[0, 0, 0, 0, 0, 0, 0, 0, 0, 6, 6, 7, 8, 9, 9, 9, 9, 10, 11, 11, 11, 11, 11, 12, 12, 13, 13, 13, 14, 14, 14, 14, 16, 16, 16, 16, 17, 17, 17, 17, 17, 17, 17, 17, 17, 18, 18, 18, 18, 19, 19, 19, 19, 20, 20, 20, 20, 21, 21, 21, 22, 22, 23, 23, 24, 24, 24, 25, 25, 25, 26, 26, 26, 27, 27, 29, 29, 30, 31, 31, 37]
Tempo:0.546138
------------Merge Sort-------------------------------
[0, 0, 0, 0, 0, 0, 0, 0, 0, 6, 6, 7, 8, 9, 9, 9, 9, 10, 11, 11, 11, 11, 11, 12, 12, 13, 13, 13, 14, 14, 14, 14, 16, 16, 16, 16, 17, 17, 17, 17, 17, 17, 17, 17, 17, 18, 18, 18, 18, 19, 19, 19, 19, 20, 20, 20, 20, 21, 21, 21, 22, 22, 23, 23, 24, 24, 24, 25, 25, 25, 26, 26, 26, 27, 27, 29, 29, 30, 31, 31, 37]
Tempo:2.005588

