APS - 4 SEMESTRE
-------------------------Listas---------------------------
Lista de Tempo: 
[0, 17, 14, 13, 24, 11, 16, 23, 18, 17, 0, 14, 16, 9, 19, 25, 25, 26, 9, 6, 0, 9, 13, 8, 21, 17, 13, 6, 18, 12, 0, 26, 11, 14, 27, 21, 24, 11, 16, 22, 0, 22, 31, 31, 29, 12, 20, 11, 11, 27, 0, 18, 17, 14, 19, 30, 17, 21, 37, 17, 0, 20, 17, 25, 23, 20, 24, 29, 17, 17, 0, 9, 19, 19, 16, 20, 26, 10, 18, 7, 0]
------------Selection Sort-------------------------------
[0, 17, 14, 13, 24, 11, 16, 23, 18, 17, 0, 14, 16, 9, 19, 25, 25, 26, 9, 6, 0, 9, 13, 8, 21, 17, 13, 6, 18, 12, 0, 26, 11, 14, 27, 21, 24, 11, 16, 22, 0, 22, 31, 31, 29, 12, 20, 11, 11, 27, 0, 18, 17, 14, 19, 30, 17, 21, 37, 17, 0, 20, 17, 25, 23, 20, 24, 29, 17, 17, 0, 9, 19, 19, 16, 20, 26, 10, 18, 7, 0]
[0, 0, 14, 13, 24, 11, 16, 23, 18, 17, 17, 14, 16, 9, 19, 25, 25, 26, 9, 6, 0, 9, 13, 8, 21, 17, 13, 6, 18, 12, 0, 26, 11, 14, 27, 21, 24, 11, 16, 22, 0, 22, 31, 31, 29, 12, 20, 11, 11, 27, 0, 18, 17, 14, 19, 30, 17, 21, 37, 17, 0, 20, 17, 25, 23, 20, 24, 29, 17, 17, 0, 9, 19, 19, 16, 20, 26, 10, 18, 7, 0]
[0, 0, 0, 13, 24, 11, 16, 23, 18, 17, 17, 14, 16, 9, 19, 25, 25, 26, 9, 6, 14, 9, 13, 8, 21, 17, 13, 6, 18, 12, 0, 26, 11, 14, 27, 21, 24, 11, 16, 22, 0, 22, 31, 31, 29, 12, 20, 11, 11, 27, 0, 18, 17, 14, 19, 30, 17, 21, 37, 17, 0, 20, 17, 25, 23, 20, 24, 29, 17, 17, 0, 9, 19, 19, 16, 20, 26, 10, 18, 7, 0]
[0, 0, 0, 0, 24, 11, 16, 23, 18, 17, 17, 14, 16, 9, 19, 25, 25, 26, 9, 6, 14, 9, 13, 8, 21, 17, 13, 6, 18, 12, 13, 26, 11, 14, 27, 21, 24, 11, 16, 22, 0, 22, 31, 31, 29, 12, 20, 11, 11, 27, 0, 18, 17, 14, 19, 30, 17, 21, 37, 17, 0, 20, 17, 25, 23, 20, 24, 29, 17, 17, 0, 9, 19, 19, 16, 20, 26, 10, 18, 7, 0]
[0, 0, 0, 0, 0, 11, 16, 23, 18, 17, 17, 14, 16, 9, 19, 25, 25, 26, 9, 6, 14, 9, 13, 8, 21, 17, 13, 6, 18, 12, 13, 26, 11, 14, 27, 21, 24, 11, 16, 22, 24, 22, 31, 31, 29, 12, 20, 11, 11, 27, 0, 18, 17, 14, 19, 30, 17, 21, 37, 17, 0, 20, 17, 25, 23, 20, 24, 29, 17, 17, 0, 9, 19, 19, 16, 20, 26, 10, 18, 7, 0]
[0, 0, 0, 0, 0, 0, 16, 23, 18, 17, 17, 14, 16, 9, 19, 25, 25, 26, 9, 6, 14, 9, 13, 8, 21, 17, 13, 6, 18, 12, 13, 26, 11, 14, 27, 21, 24, 11, 16, 22, 24, 22, 31, 31, 29, 12, 20, 11, 11, 27, 11, 18, 17, 14, 19, 30, 17, 21, 37, 17, 0, 20, 17, 25, 23, 20, 24, 29, 17, 17, 0, 9, 19, 19, 16, 20, 26, 10, 18, 7, 0]
[0, 0, 0, 0, 0, 0, 0, 23, 18, 17, 17, 14, 16, 9, 19, 25, 25, 26, 9, 6, 14, 9, 13, 8, 21, 17, 13, 6, 18, 12, 13, 26, 11, 14, 27, 21, 24, 11, 16, 22, 24, 22, 31, 31, 29, 12, 20, 11, 11, 27, 11, 18, 17, 14, 19, 30, 17, 21, 37, 17, 16, 20, 17, 25, 23, 20, 24, 29, 17, 17, 0, 9, 19, 19, 16, 20, 26, 10, 18, 7, 0]
[0, 0, 0, 0, 0, 0, 0, 0, 18, 17, 17, 14, 16, 9, 19, 25, 25, 26, 9, 6, 14, 9, 13, 8, 21, 17, 13, 6, 18, 12, 13, 26, 11, 14, 27, 21, 24, 11, 16, 22, 24, 22, 31, 31, 29, 12, 20, 11, 11, 27, 11, 18, 17, 14, 19, 30, 17, 21, 37, 17, 16, 20, 17, 25, 23, 20, 24, 29, 17, 17, 23, 9, 19, 19, 16, 20, 26, 10, 18, 7, 0]
[0, 0, 0, 0, 0, 0, 0, 0, 0, 17, 17, 14, 16, 9, 19, 25, 25, 26, 9, 6, 14, 9, 13, 8, 21, 17, 13, 6, 18, 12, 13, 26, 11, 14, 27, 21, 24, 11, 16, 22, 24, 22, 31, 31, 29, 12, 20, 11, 11, 27, 11, 18, 17, 14, 19, 30, 17, 21, 37, 17, 16, 20, 17, 25, 23, 20, 24, 29, 17, 17, 23, 9, 19, 19, 16, 20, 26, 10, 18, 7, 18]
[0, 0, 0, 0, 0, 0, 0, 0, 0, 6, 17, 14, 16, 9, 19, 25, 25, 26, 9, 17, 14, 9, 13, 8, 21, 17, 13, 6, 18, 12, 13, 26, 11, 14, 27, 21, 24, 11, 16, 22, 24, 22, 31, 31, 29, 12, 20, 11, 11, 27, 11, 18, 17, 14, 19, 30, 17, 21, 37, 17, 16, 20, 17, 25, 23, 20, 24, 29, 17, 17, 23, 9, 19, 19, 16, 20, 26, 10, 18, 7, 18]
[0, 0, 0, 0, 0, 0, 0, 0, 0, 6, 6, 14, 16, 9, 19, 25, 25, 26, 9, 17, 14, 9, 13, 8, 21, 17, 13, 17, 18, 12, 13, 26, 11, 14, 27, 21, 24, 11, 16, 22, 24, 22, 31, 31, 29, 12, 20, 11, 11, 27, 11, 18, 17, 14, 19, 30, 17, 21, 37, 17, 16, 20, 17, 25, 23, 20, 24, 29, 17, 17, 23, 9, 19, 19, 16, 20, 26, 10, 18, 7, 18]
[0, 0, 0, 0, 0, 0, 0, 0, 0, 6, 6, 7, 16, 9, 19, 25, 25, 26, 9, 17, 14, 9, 13, 8, 21, 17, 13, 17, 18, 12, 13, 26, 11, 14, 27, 21, 24, 11, 16, 22, 24, 22, 31, 31, 29, 12, 20, 11, 11, 27, 11, 18, 17, 14, 19, 30, 17, 21, 37, 17, 16, 20, 17, 25, 23, 20, 24, 29, 17, 17, 23, 9, 19, 19, 16, 20, 26, 10, 18, 14, 18]
[0, 0, 0, 0, 0, 0, 0, 0, 0, 6, 6, 7, 8, 9, 19, 25, 25, 26, 9, 17, 14, 9, 13, 16, 21, 17, 13, 17, 18, 12, 13, 26, 11, 14, 27, 21, 24, 11, 16, 22, 24, 22, 31, 31, 29, 12, 20, 11, 11, 27, 11, 18, 17, 14, 19, 30, 17, 21, 37, 17, 16, 20, 17, 25, 23, 20, 24, 29, 17, 17, 23, 9, 19, 19, 16, 20, 26, 10, 18, 14, 18]
[0, 0, 0, 0, 0, 0, 0, 0, 0, 6, 6, 7, 8, 9, 9, 25, 25, 26, 19, 17, 14, 9, 13, 16, 21, 17, 13, 17, 18, 12, 13, 26, 11, 14, 27, 21, 24, 11, 16, 22, 24, 22, 31, 31, 29, 12, 20, 11, 11, 27, 11, 18, 17, 14, 19, 30, 17, 21, 37, 17, 16, 20, 17, 25, 23, 20, 24, 29, 17, 17, 23, 9, 19, 19, 16, 20, 26, 10, 18, 14, 18]
[0, 0, 0, 0, 0, 0, 0, 0, 0, 6, 6, 7, 8, 9, 9, 9, 25, 26, 19, 17, 14, 25, 13, 16, 21, 17, 13, 17, 18, 12, 13, 26, 11, 14, 27, 21, 24, 11, 16, 22, 24, 22, 31, 31, 29, 12, 20, 11, 11, 27, 11, 18, 17, 14, 19, 30, 17, 21, 37, 17, 16, 20, 17, 25, 23, 20, 24, 29, 17, 17, 23, 9, 19, 19, 16, 20, 26, 10, 18, 14, 18]
[0, 0, 0, 0, 0, 0, 0, 0, 0, 6, 6, 7, 8, 9, 9, 9, 9, 26, 19, 17, 14, 25, 13, 16, 21, 17, 13, 17, 18, 12, 13, 26, 11, 14, 27, 21, 24, 11, 16, 22, 24, 22, 31, 31, 29, 12, 20, 11, 11, 27, 11, 18, 17, 14, 19, 30, 17, 21, 37, 17, 16, 20, 17, 25, 23, 20, 24, 29, 17, 17, 23, 25, 19, 19, 16, 20, 26, 10, 18, 14, 18]
[0, 0, 0, 0, 0, 0, 0, 0, 0, 6, 6, 7, 8, 9, 9, 9, 9, 10, 19, 17, 14, 25, 13, 16, 21, 17, 13, 17, 18, 12, 13, 26, 11, 14, 27, 21, 24, 11, 16, 22, 24, 22, 31, 31, 29, 12, 20, 11, 11, 27, 11, 18, 17, 14, 19, 30, 17, 21, 37, 17, 16, 20, 17, 25, 23, 20, 24, 29, 17, 17, 23, 25, 19, 19, 16, 20, 26, 26, 18, 14, 18]
[0, 0, 0, 0, 0, 0, 0, 0, 0, 6, 6, 7, 8, 9, 9, 9, 9, 10, 11, 17, 14, 25, 13, 16, 21, 17, 13, 17, 18, 12, 13, 26, 19, 14, 27, 21, 24, 11, 16, 22, 24, 22, 31, 31, 29, 12, 20, 11, 11, 27, 11, 18, 17, 14, 19, 30, 17, 21, 37, 17, 16, 20, 17, 25, 23, 20, 24, 29, 17, 17, 23, 25, 19, 19, 16, 20, 26, 26, 18, 14, 18]
[0, 0, 0, 0, 0, 0, 0, 0, 0, 6, 6, 7, 8, 9, 9, 9, 9, 10, 11, 11, 14, 25, 13, 16, 21, 17, 13, 17, 18, 12, 13, 26, 19, 14, 27, 21, 24, 17, 16, 22, 24, 22, 31, 31, 29, 12, 20, 11, 11, 27, 11, 18, 17, 14, 19, 30, 17, 21, 37, 17, 16, 20, 17, 25, 23, 20, 24, 29, 17, 17, 23, 25, 19, 19, 16, 20, 26, 26, 18, 14, 18]
[0, 0, 0, 0, 0, 0, 0, 0, 0, 6, 6, 7, 8, 9, 9, 9, 9, 10, 11, 11, 11, 25, 13, 16, 21, 17, 13, 17, 18, 12, 13, 26, 19, 14, 27, 21, 24, 17, 16, 22, 24, 22, 31, 31, 29, 12, 20, 14, 11, 27, 11, 18, 17, 14, 19, 30, 17, 21, 37, 17, 16, 20, 17, 25, 23, 20, 24, 29, 17, 17, 23, 25, 19, 19, 16, 20, 26, 26, 18, 14, 18]
[0, 0, 0, 0, 0, 0, 0, 0, 0, 6, 6, 7, 8, 9, 9, 9, 9, 10, 11, 11, 11, 11, 13, 16, 21, 17, 13, 17, 18, 12, 13, 26, 19, 14, 27, 21, 24, 17, 16, 22, 24, 22, 31, 31, 29, 12, 20, 14, 25, 27, 11, 18, 17, 14, 19, 30, 17, 21, 37, 17, 16, 20, 17, 25, 23, 20, 24, 29, 17, 17, 23, 25, 19, 19, 16, 20, 26, 26, 18, 14, 18]
[0, 0, 0, 0, 0, 0, 0, 0, 0, 6, 6, 7, 8, 9, 9, 9, 9, 10, 11, 11, 11, 11, 11, 16, 21, 17, 13, 17, 18, 12, 13, 26, 19, 14, 27, 21, 24, 17, 16, 22, 24, 22, 31, 31, 29, 12, 20, 14, 25, 27, 13, 18, 17, 14, 19, 30, 17, 21, 37, 17, 16, 20, 17, 25, 23, 20, 24, 29, 17, 17, 23, 25, 19, 19, 16, 20, 26, 26, 18, 14, 18]
[0, 0, 0, 0, 0, 0, 0, 0, 0, 6, 6, 7, 8, 9, 9, 9, 9, 10, 11, 11, 11, 11, 11, 12, 21, 17, 13, 17, 18, 16, 13, 26, 19, 14, 27, 21, 24, 17, 16, 22, 24, 22, 31, 31, 29, 12, 20, 14, 25, 27, 13, 18, 17, 14, 19, 30, 17, 21, 37, 17, 16, 20, 17, 25, 23, 20, 24, 29, 17, 17, 23, 25, 19, 19, 16, 20, 26, 26, 18, 14, 18]
[0, 0, 0, 0, 0, 0, 0, 0, 0, 6, 6, 7, 8, 9, 9, 9, 9, 10, 11, 11, 11, 11, 11, 12, 12, 17, 13, 17, 18, 16, 13, 26, 19, 14, 27, 21, 24, 17, 16, 22, 24, 22, 31, 31, 29, 21, 20, 14, 25, 27, 13, 18, 17, 14, 19, 30, 17, 21, 37, 17, 16, 20, 17, 25, 23, 20, 24, 29, 17, 17, 23, 25, 19, 19, 16, 20, 26, 26, 18, 14, 18]
[0, 0, 0, 0, 0, 0, 0, 0, 0, 6, 6, 7, 8, 9, 9, 9, 9, 10, 11, 11, 11, 11, 11, 12, 12, 13, 17, 17, 18, 16, 13, 26, 19, 14, 27, 21, 24, 17, 16, 22, 24, 22, 31, 31, 29, 21, 20, 14, 25, 27, 13, 18, 17, 14, 19, 30, 17, 21, 37, 17, 16, 20, 17, 25, 23, 20, 24, 29, 17, 17, 23, 25, 19, 19, 16, 20, 26, 26, 18, 14, 18]
[0, 0, 0, 0, 0, 0, 0, 0, 0, 6, 6, 7, 8, 9, 9, 9, 9, 10, 11, 11, 11, 11, 11, 12, 12, 13, 13, 17, 18, 16, 17, 26, 19, 14, 27, 21, 24, 17, 16, 22, 24, 22, 31, 31, 29, 21, 20, 14, 25, 27, 13, 18, 17, 14, 19, 30, 17, 21, 37, 17, 16, 20, 17, 25, 23, 20, 24, 29, 17, 17, 23, 25, 19, 19, 16, 20, 26, 26, 18, 14, 18]
[0, 0, 0, 0, 0, 0, 0, 0, 0, 6, 6, 7, 8, 9, 9, 9, 9, 10, 11, 11, 11, 11, 11, 12, 12, 13, 13, 13, 18, 16, 17, 26, 19, 14, 27, 21, 24, 17, 16, 22, 24, 22, 31, 31, 29, 21, 20, 14, 25, 27, 17, 18, 17, 14, 19, 30, 17, 21, 37, 17, 16, 20, 17, 25, 23, 20, 24, 29, 17, 17, 23, 25, 19, 19, 16, 20, 26, 26, 18, 14, 18]
[0, 0, 0, 0, 0, 0, 0, 0, 0, 6, 6, 7, 8, 9, 9, 9, 9, 10, 11, 11, 11, 11, 11, 12, 12, 13, 13, 13, 14, 16, 17, 26, 19, 18, 27, 21, 24, 17, 16, 22, 24, 22, 31, 31, 29, 21, 20, 14, 25, 27, 17, 18, 17, 14, 19, 30, 17, 21, 37, 17, 16, 20, 17, 25, 23, 20, 24, 29, 17, 17, 23, 25, 19, 19, 16, 20, 26, 26, 18, 14, 18]
[0, 0, 0, 0, 0, 0, 0, 0, 0, 6, 6, 7, 8, 9, 9, 9, 9, 10, 11, 11, 11, 11, 11, 12, 12, 13, 13, 13, 14, 14, 17, 26, 19, 18, 27, 21, 24, 17, 16, 22, 24, 22, 31, 31, 29, 21, 20, 16, 25, 27, 17, 18, 17, 14, 19, 30, 17, 21, 37, 17, 16, 20, 17, 25, 23, 20, 24, 29, 17, 17, 23, 25, 19, 19, 16, 20, 26, 26, 18, 14, 18]
[0, 0, 0, 0, 0, 0, 0, 0, 0, 6, 6, 7, 8, 9, 9, 9, 9, 10, 11, 11, 11, 11, 11, 12, 12, 13, 13, 13, 14, 14, 14, 26, 19, 18, 27, 21, 24, 17, 16, 22, 24, 22, 31, 31, 29, 21, 20, 16, 25, 27, 17, 18, 17, 17, 19, 30, 17, 21, 37, 17, 16, 20, 17, 25, 23, 20, 24, 29, 17, 17, 23, 25, 19, 19, 16, 20, 26, 26, 18, 14, 18]
[0, 0, 0, 0, 0, 0, 0, 0, 0, 6, 6, 7, 8, 9, 9, 9, 9, 10, 11, 11, 11, 11, 11, 12, 12, 13, 13, 13, 14, 14, 14, 14, 19, 18, 27, 21, 24, 17, 16, 22, 24, 22, 31, 31, 29, 21, 20, 16, 25, 27, 17, 18, 17, 17, 19, 30, 17, 21, 37, 17, 16, 20, 17, 25, 23, 20, 24, 29, 17, 17, 23, 25, 19, 19, 16, 20, 26, 26, 18, 26, 18]
[0, 0, 0, 0, 0, 0, 0, 0, 0, 6, 6, 7, 8, 9, 9, 9, 9, 10, 11, 11, 11, 11, 11, 12, 12, 13, 13, 13, 14, 14, 14, 14, 16, 18, 27, 21, 24, 17, 19, 22, 24, 22, 31, 31, 29, 21, 20, 16, 25, 27, 17, 18, 17, 17, 19, 30, 17, 21, 37, 17, 16, 20, 17, 25, 23, 20, 24, 29, 17, 17, 23, 25, 19, 19, 16, 20, 26, 26, 18, 26, 18]
[0, 0, 0, 0, 0, 0, 0, 0, 0, 6, 6, 7, 8, 9, 9, 9, 9, 10, 11, 11, 11, 11, 11, 12, 12, 13, 13, 13, 14, 14, 14, 14, 16, 16, 27, 21, 24, 17, 19, 22, 24, 22, 31, 31, 29, 21, 20, 18, 25, 27, 17, 18, 17, 17, 19, 30, 17, 21, 37, 17, 16, 20, 17, 25, 23, 20, 24, 29, 17, 17, 23, 25, 19, 19, 16, 20, 26, 26, 18, 26, 18]
[0, 0, 0, 0, 0, 0, 0, 0, 0, 6, 6, 7, 8, 9, 9, 9, 9, 10, 11, 11, 11, 11, 11, 12, 12, 13, 13, 13, 14, 14, 14, 14, 16, 16, 16, 21, 24, 17, 19, 22, 24, 22, 31, 31, 29, 21, 20, 18, 25, 27, 17, 18, 17, 17, 19, 30, 17, 21, 37, 17, 27, 20, 17, 25, 23, 20, 24, 29, 17, 17, 23, 25, 19, 19, 16, 20, 26, 26, 18, 26, 18]
[0, 0, 0, 0, 0, 0, 0, 0, 0, 6, 6, 7, 8, 9, 9, 9, 9, 10, 11, 11, 11, 11, 11, 12, 12, 13, 13, 13, 14, 14, 14, 14, 16, 16, 16, 16, 24, 17, 19, 22, 24, 22, 31, 31, 29, 21, 20, 18, 25, 27, 17, 18, 17, 17, 19, 30, 17, 21, 37, 17, 27, 20, 17, 25, 23, 20, 24, 29, 17, 17, 23, 25, 19, 19, 21, 20, 26, 26, 18, 26, 18]
[0, 0, 0, 0, 0, 0, 0, 0, 0, 6, 6, 7, 8, 9, 9, 9, 9, 10, 11, 11, 11, 11, 11, 12, 12, 13, 13, 13, 14, 14, 14, 14, 16, 16, 16, 16, 17, 24, 19, 22, 24, 22, 31, 31, 29, 21, 20, 18, 25, 27, 17, 18, 17, 17, 19, 30, 17, 21, 37, 17, 27, 20, 17, 25, 23, 20, 24, 29, 17, 17, 23, 25, 19, 19, 21, 20, 26, 26, 18, 26, 18]
[0, 0, 0, 0, 0, 0, 0, 0, 0, 6, 6, 7, 8, 9, 9, 9, 9, 10, 11, 11, 11, 11, 11, 12, 12, 13, 13, 13, 14, 14, 14, 14, 16, 16, 16, 16, 17, 17, 19, 22, 24, 22, 31, 31, 29, 21, 20, 18, 25, 27, 24, 18, 17, 17, 19, 30, 17, 21, 37, 17, 27, 20, 17, 25, 23, 20, 24, 29, 17, 17, 23, 25, 19, 19, 21, 20, 26, 26, 18, 26, 18]
[0, 0, 0, 0, 0, 0, 0, 0, 0, 6, 6, 7, 8, 9, 9, 9, 9, 10, 11, 11, 11, 11, 11, 12, 12, 13, 13, 13, 14, 14, 14, 14, 16, 16, 16, 16, 17, 17, 17, 22, 24, 22, 31, 31, 29, 21, 20, 18, 25, 27, 24, 18, 19, 17, 19, 30, 17, 21, 37, 17, 27, 20, 17, 25, 23, 20, 24, 29, 17, 17, 23, 25, 19, 19, 21, 20, 26, 26, 18, 26, 18]
[0, 0, 0, 0, 0, 0, 0, 0, 0, 6, 6, 7, 8, 9, 9, 9, 9, 10, 11, 11, 11, 11, 11, 12, 12, 13, 13, 13, 14, 14, 14, 14, 16, 16, 16, 16, 17, 17, 17, 17, 24, 22, 31, 31, 29, 21, 20, 18, 25, 27, 24, 18, 19, 22, 19, 30, 17, 21, 37, 17, 27, 20, 17, 25, 23, 20, 24, 29, 17, 17, 23, 25, 19, 19, 21, 20, 26, 26, 18, 26, 18]
[0, 0, 0, 0, 0, 0, 0, 0, 0, 6, 6, 7, 8, 9, 9, 9, 9, 10, 11, 11, 11, 11, 11, 12, 12, 13, 13, 13, 14, 14, 14, 14, 16, 16, 16, 16, 17, 17, 17, 17, 17, 22, 31, 31, 29, 21, 20, 18, 25, 27, 24, 18, 19, 22, 19, 30, 24, 21, 37, 17, 27, 20, 17, 25, 23, 20, 24, 29, 17, 17, 23, 25, 19, 19, 21, 20, 26, 26, 18, 26, 18]
[0, 0, 0, 0, 0, 0, 0, 0, 0, 6, 6, 7, 8, 9, 9, 9, 9, 10, 11, 11, 11, 11, 11, 12, 12, 13, 13, 13, 14, 14, 14, 14, 16, 16, 16, 16, 17, 17, 17, 17, 17, 17, 31, 31, 29, 21, 20, 18, 25, 27, 24, 18, 19, 22, 19, 30, 24, 21, 37, 22, 27, 20, 17, 25, 23, 20, 24, 29, 17, 17, 23, 25, 19, 19, 21, 20, 26, 26, 18, 26, 18]
[0, 0, 0, 0, 0, 0, 0, 0, 0, 6, 6, 7, 8, 9, 9, 9, 9, 10, 11, 11, 11, 11, 11, 12, 12, 13, 13, 13, 14, 14, 14, 14, 16, 16, 16, 16, 17, 17, 17, 17, 17, 17, 17, 31, 29, 21, 20, 18, 25, 27, 24, 18, 19, 22, 19, 30, 24, 21, 37, 22, 27, 20, 31, 25, 23, 20, 24, 29, 17, 17, 23, 25, 19, 19, 21, 20, 26, 26, 18, 26, 18]
[0, 0, 0, 0, 0, 0, 0, 0, 0, 6, 6, 7, 8, 9, 9, 9, 9, 10, 11, 11, 11, 11, 11, 12, 12, 13, 13, 13, 14, 14, 14, 14, 16, 16, 16, 16, 17, 17, 17, 17, 17, 17, 17, 17, 29, 21, 20, 18, 25, 27, 24, 18, 19, 22, 19, 30, 24, 21, 37, 22, 27, 20, 31, 25, 23, 20, 24, 29, 31, 17, 23, 25, 19, 19, 21, 20, 26, 26, 18, 26, 18]
[0, 0, 0, 0, 0, 0, 0, 0, 0, 6, 6, 7, 8, 9, 9, 9, 9, 10, 11, 11, 11, 11, 11, 12, 12, 13, 13, 13, 14, 14, 14, 14, 16, 16, 16, 16, 17, 17, 17, 17, 17, 17, 17, 17, 17, 21, 20, 18, 25, 27, 24, 18, 19, 22, 19, 30, 24, 21, 37, 22, 27, 20, 31, 25, 23, 20, 24, 29, 31, 29, 23, 25, 19, 19, 21, 20, 26, 26, 18, 26, 18]
[0, 0, 0, 0, 0, 0, 0, 0, 0, 6, 6, 7, 8, 9, 9, 9, 9, 10, 11, 11, 11, 11, 11, 12, 12, 13, 13, 13, 14, 14, 14, 14, 16, 16, 16, 16, 17, 17, 17, 17, 17, 17, 17, 17, 17, 18, 20, 21, 25, 27, 24, 18, 19, 22, 19, 30, 24, 21, 37, 22, 27, 20, 31, 25, 23, 20, 24, 29, 31, 29, 23, 25, 19, 19, 21, 20, 26, 26, 18, 26, 18]
[0, 0, 0, 0, 0, 0, 0, 0, 0, 6, 6, 7, 8, 9, 9, 9, 9, 10, 11, 11, 11, 11, 11, 12, 12, 13, 13, 13, 14, 14, 14, 14, 16, 16, 16, 16, 17, 17, 17, 17, 17, 17, 17, 17, 17, 18, 18, 21, 25, 27, 24, 20, 19, 22, 19, 30, 24, 21, 37, 22, 27, 20, 31, 25, 23, 20, 24, 29, 31, 29, 23, 25, 19, 19, 21, 20, 26, 26, 18, 26, 18]
[0, 0, 0, 0, 0, 0, 0, 0, 0, 6, 6, 7, 8, 9, 9, 9, 9, 10, 11, 11, 11, 11, 11, 12, 12, 13, 13, 13, 14, 14, 14, 14, 16, 16, 16, 16, 17, 17, 17, 17, 17, 17, 17, 17, 17, 18, 18, 18, 25, 27, 24, 20, 19, 22, 19, 30, 24, 21, 37, 22, 27, 20, 31, 25, 23, 20, 24, 29, 31, 29, 23, 25, 19, 19, 21, 20, 26, 26, 21, 26, 18]
[0, 0, 0, 0, 0, 0, 0, 0, 0, 6, 6, 7, 8, 9, 9, 9, 9, 10, 11, 11, 11, 11, 11, 12, 12, 13, 13, 13, 14, 14, 14, 14, 16, 16, 16, 16, 17, 17, 17, 17, 17, 17, 17, 17, 17, 18, 18, 18, 18, 27, 24, 20, 19, 22, 19, 30, 24, 21, 37, 22, 27, 20, 31, 25, 23, 20, 24, 29, 31, 29, 23, 25, 19, 19, 21, 20, 26, 26, 21, 26, 25]
[0, 0, 0, 0, 0, 0, 0, 0, 0, 6, 6, 7, 8, 9, 9, 9, 9, 10, 11, 11, 11, 11, 11, 12, 12, 13, 13, 13, 14, 14, 14, 14, 16, 16, 16, 16, 17, 17, 17, 17, 17, 17, 17, 17, 17, 18, 18, 18, 18, 19, 24, 20, 27, 22, 19, 30, 24, 21, 37, 22, 27, 20, 31, 25, 23, 20, 24, 29, 31, 29, 23, 25, 19, 19, 21, 20, 26, 26, 21, 26, 25]
[0, 0, 0, 0, 0, 0, 0, 0, 0, 6, 6, 7, 8, 9, 9, 9, 9, 10, 11, 11, 11, 11, 11, 12, 12, 13, 13, 13, 14, 14, 14, 14, 16, 16, 16, 16, 17, 17, 17, 17, 17, 17, 17, 17, 17, 18, 18, 18, 18, 19, 19, 20, 27, 22, 24, 30, 24, 21, 37, 22, 27, 20, 31, 25, 23, 20, 24, 29, 31, 29, 23, 25, 19, 19, 21, 20, 26, 26, 21, 26, 25]
[0, 0, 0, 0, 0, 0, 0, 0, 0, 6, 6, 7, 8, 9, 9, 9, 9, 10, 11, 11, 11, 11, 11, 12, 12, 13, 13, 13, 14, 14, 14, 14, 16, 16, 16, 16, 17, 17, 17, 17, 17, 17, 17, 17, 17, 18, 18, 18, 18, 19, 19, 19, 27, 22, 24, 30, 24, 21, 37, 22, 27, 20, 31, 25, 23, 20, 24, 29, 31, 29, 23, 25, 20, 19, 21, 20, 26, 26, 21, 26, 25]
[0, 0, 0, 0, 0, 0, 0, 0, 0, 6, 6, 7, 8, 9, 9, 9, 9, 10, 11, 11, 11, 11, 11, 12, 12, 13, 13, 13, 14, 14, 14, 14, 16, 16, 16, 16, 17, 17, 17, 17, 17, 17, 17, 17, 17, 18, 18, 18, 18, 19, 19, 19, 19, 22, 24, 30, 24, 21, 37, 22, 27, 20, 31, 25, 23, 20, 24, 29, 31, 29, 23, 25, 20, 27, 21, 20, 26, 26, 21, 26, 25]
[0, 0, 0, 0, 0, 0, 0, 0, 0, 6, 6, 7, 8, 9, 9, 9, 9, 10, 11, 11, 11, 11, 11, 12, 12, 13, 13, 13, 14, 14, 14, 14, 16, 16, 16, 16, 17, 17, 17, 17, 17, 17, 17, 17, 17, 18, 18, 18, 18, 19, 19, 19, 19, 20, 24, 30, 24, 21, 37, 22, 27, 22, 31, 25, 23, 20, 24, 29, 31, 29, 23, 25, 20, 27, 21, 20, 26, 26, 21, 26, 25]
[0, 0, 0, 0, 0, 0, 0, 0, 0, 6, 6, 7, 8, 9, 9, 9, 9, 10, 11, 11, 11, 11, 11, 12, 12, 13, 13, 13, 14, 14, 14, 14, 16, 16, 16, 16, 17, 17, 17, 17, 17, 17, 17, 17, 17, 18, 18, 18, 18, 19, 19, 19, 19, 20, 20, 30, 24, 21, 37, 22, 27, 22, 31, 25, 23, 24, 24, 29, 31, 29, 23, 25, 20, 27, 21, 20, 26, 26, 21, 26, 25]
[0, 0, 0, 0, 0, 0, 0, 0, 0, 6, 6, 7, 8, 9, 9, 9, 9, 10, 11, 11, 11, 11, 11, 12, 12, 13, 13, 13, 14, 14, 14, 14, 16, 16, 16, 16, 17, 17, 17, 17, 17, 17, 17, 17, 17, 18, 18, 18, 18, 19, 19, 19, 19, 20, 20, 20, 24, 21, 37, 22, 27, 22, 31, 25, 23, 24, 24, 29, 31, 29, 23, 25, 30, 27, 21, 20, 26, 26, 21, 26, 25]
[0, 0, 0, 0, 0, 0, 0, 0, 0, 6, 6, 7, 8, 9, 9, 9, 9, 10, 11, 11, 11, 11, 11, 12, 12, 13, 13, 13, 14, 14, 14, 14, 16, 16, 16, 16, 17, 17, 17, 17, 17, 17, 17, 17, 17, 18, 18, 18, 18, 19, 19, 19, 19, 20, 20, 20, 20, 21, 37, 22, 27, 22, 31, 25, 23, 24, 24, 29, 31, 29, 23, 25, 30, 27, 21, 24, 26, 26, 21, 26, 25]
[0, 0, 0, 0, 0, 0, 0, 0, 0, 6, 6, 7, 8, 9, 9, 9, 9, 10, 11, 11, 11, 11, 11, 12, 12, 13, 13, 13, 14, 14, 14, 14, 16, 16, 16, 16, 17, 17, 17, 17, 17, 17, 17, 17, 17, 18, 18, 18, 18, 19, 19, 19, 19, 20, 20, 20, 20, 21, 21, 22, 27, 22, 31, 25, 23, 24, 24, 29, 31, 29, 23, 25, 30, 27, 37, 24, 26, 26, 21, 26, 25]
[0, 0, 0, 0, 0, 0, 0, 0, 0, 6, 6, 7, 8, 9, 9, 9, 9, 10, 11, 11, 11, 11, 11, 12, 12, 13, 13, 13, 14, 14, 14, 14, 16, 16, 16, 16, 17, 17, 17, 17, 17, 17, 17, 17, 17, 18, 18, 18, 18, 19, 19, 19, 19, 20, 20, 20, 20, 21, 21, 21, 27, 22, 31, 25, 23, 24, 24, 29, 31, 29, 23, 25, 30, 27, 37, 24, 26, 26, 22, 26, 25]
[0, 0, 0, 0, 0, 0, 0, 0, 0, 6, 6, 7, 8, 9, 9, 9, 9, 10, 11, 11, 11, 11, 11, 12, 12, 13, 13, 13, 14, 14, 14, 14, 16, 16, 16, 16, 17, 17, 17, 17, 17, 17, 17, 17, 17, 18, 18, 18, 18, 19, 19, 19, 19, 20, 20, 20, 20, 21, 21, 21, 22, 22, 31, 25, 23, 24, 24, 29, 31, 29, 23, 25, 30, 27, 37, 24, 26, 26, 27, 26, 25]
[0, 0, 0, 0, 0, 0, 0, 0, 0, 6, 6, 7, 8, 9, 9, 9, 9, 10, 11, 11, 11, 11, 11, 12, 12, 13, 13, 13, 14, 14, 14, 14, 16, 16, 16, 16, 17, 17, 17, 17, 17, 17, 17, 17, 17, 18, 18, 18, 18, 19, 19, 19, 19, 20, 20, 20, 20, 21, 21, 21, 22, 22, 23, 25, 31, 24, 24, 29, 31, 29, 23, 25, 30, 27, 37, 24, 26, 26, 27, 26, 25]
[0, 0, 0, 0, 0, 0, 0, 0, 0, 6, 6, 7, 8, 9, 9, 9, 9, 10, 11, 11, 11, 11, 11, 12, 12, 13, 13, 13, 14, 14, 14, 14, 16, 16, 16, 16, 17, 17, 17, 17, 17, 17, 17, 17, 17, 18, 18, 18, 18, 19, 19, 19, 19, 20, 20, 20, 20, 21, 21, 21, 22, 22, 23, 23, 31, 24, 24, 29, 31, 29, 25, 25, 30, 27, 37, 24, 26, 26, 27, 26, 25]
[0, 0, 0, 0, 0, 0, 0, 0, 0, 6, 6, 7, 8, 9, 9, 9, 9, 10, 11, 11, 11, 11, 11, 12, 12, 13, 13, 13, 14, 14, 14, 14, 16, 16, 16, 16, 17, 17, 17, 17, 17, 17, 17, 17, 17, 18, 18, 18, 18, 19, 19, 19, 19, 20, 20, 20, 20, 21, 21, 21, 22, 22, 23, 23, 24, 31, 24, 29, 31, 29, 25, 25, 30, 27, 37, 24, 26, 26, 27, 26, 25]
[0, 0, 0, 0, 0, 0, 0, 0, 0, 6, 6, 7, 8, 9, 9, 9, 9, 10, 11, 11, 11, 11, 11, 12, 12, 13, 13, 13, 14, 14, 14, 14, 16, 16, 16, 16, 17, 17, 17, 17, 17, 17, 17, 17, 17, 18, 18, 18, 18, 19, 19, 19, 19, 20, 20, 20, 20, 21, 21, 21, 22, 22, 23, 23, 24, 24, 31, 29, 31, 29, 25, 25, 30, 27, 37, 24, 26, 26, 27, 26, 25]
[0, 0, 0, 0, 0, 0, 0, 0, 0, 6, 6, 7, 8, 9, 9, 9, 9, 10, 11, 11, 11, 11, 11, 12, 12, 13, 13, 13, 14, 14, 14, 14, 16, 16, 16, 16, 17, 17, 17, 17, 17, 17, 17, 17, 17, 18, 18, 18, 18, 19, 19, 19, 19, 20, 20, 20, 20, 21, 21, 21, 22, 22, 23, 23, 24, 24, 24, 29, 31, 29, 25, 25, 30, 27, 37, 31, 26, 26, 27, 26, 25]
[0, 0, 0, 0, 0, 0, 0, 0, 0, 6, 6, 7, 8, 9, 9, 9, 9, 10, 11, 11, 11, 11, 11, 12, 12, 13, 13, 13, 14, 14, 14, 14, 16, 16, 16, 16, 17, 17, 17, 17, 17, 17, 17, 17, 17, 18, 18, 18, 18, 19, 19, 19, 19, 20, 20, 20, 20, 21, 21, 21, 22, 22, 23, 23, 24, 24, 24, 25, 31, 29, 29, 25, 30, 27, 37, 31, 26, 26, 27, 26, 25]
[0, 0, 0, 0, 0, 0, 0, 0, 0, 6, 6, 7, 8, 9, 9, 9, 9, 10, 11, 11, 11, 11, 11, 12, 12, 13, 13, 13, 14, 14, 14, 14, 16, 16, 16, 16, 17, 17, 17, 17, 17, 17, 17, 17, 17, 18, 18, 18, 18, 19, 19, 19, 19, 20, 20, 20, 20, 21, 21, 21, 22, 22, 23, 23, 24, 24, 24, 25, 25, 29, 29, 31, 30, 27, 37, 31, 26, 26, 27, 26, 25]
[0, 0, 0, 0, 0, 0, 0, 0, 0, 6, 6, 7, 8, 9, 9, 9, 9, 10, 11, 11, 11, 11, 11, 12, 12, 13, 13, 13, 14, 14, 14, 14, 16, 16, 16, 16, 17, 17, 17, 17, 17, 17, 17, 17, 17, 18, 18, 18, 18, 19, 19, 19, 19, 20, 20, 20, 20, 21, 21, 21, 22, 22, 23, 23, 24, 24, 24, 25, 25, 25, 29, 31, 30, 27, 37, 31, 26, 26, 27, 26, 29]
[0, 0, 0, 0, 0, 0, 0, 0, 0, 6, 6, 7, 8, 9, 9, 9, 9, 10, 11, 11, 11, 11, 11, 12, 12, 13, 13, 13, 14, 14, 14, 14, 16, 16, 16, 16, 17, 17, 17, 17, 17, 17, 17, 17, 17, 18, 18, 18, 18, 19, 19, 19, 19, 20, 20, 20, 20, 21, 21, 21, 22, 22, 23, 23, 24, 24, 24, 25, 25, 25, 26, 31, 30, 27, 37, 31, 29, 26, 27, 26, 29]
[0, 0, 0, 0, 0, 0, 0, 0, 0, 6, 6, 7, 8, 9, 9, 9, 9, 10, 11, 11, 11, 11, 11, 12, 12, 13, 13, 13, 14, 14, 14, 14, 16, 16, 16, 16, 17, 17, 17, 17, 17, 17, 17, 17, 17, 18, 18, 18, 18, 19, 19, 19, 19, 20, 20, 20, 20, 21, 21, 21, 22, 22, 23, 23, 24, 24, 24, 25, 25, 25, 26, 26, 30, 27, 37, 31, 29, 31, 27, 26, 29]
[0, 0, 0, 0, 0, 0, 0, 0, 0, 6, 6, 7, 8, 9, 9, 9, 9, 10, 11, 11, 11, 11, 11, 12, 12, 13, 13, 13, 14, 14, 14, 14, 16, 16, 16, 16, 17, 17, 17, 17, 17, 17, 17, 17, 17, 18, 18, 18, 18, 19, 19, 19, 19, 20, 20, 20, 20, 21, 21, 21, 22, 22, 23, 23, 24, 24, 24, 25, 25, 25, 26, 26, 26, 27, 37, 31, 29, 31, 27, 30, 29]
[0, 0, 0, 0, 0, 0, 0, 0, 0, 6, 6, 7, 8, 9, 9, 9, 9, 10, 11, 11, 11, 11, 11, 12, 12, 13, 13, 13, 14, 14, 14, 14, 16, 16, 16, 16, 17, 17, 17, 17, 17, 17, 17, 17, 17, 18, 18, 18, 18, 19, 19, 19, 19, 20, 20, 20, 20, 21, 21, 21, 22, 22, 23, 23, 24, 24, 24, 25, 25, 25, 26, 26, 26, 27, 27, 31, 29, 31, 37, 30, 29]
[0, 0, 0, 0, 0, 0, 0, 0, 0, 6, 6, 7, 8, 9, 9, 9, 9, 10, 11, 11, 11, 11, 11, 12, 12, 13, 13, 13, 14, 14, 14, 14, 16, 16, 16, 16, 17, 17, 17, 17, 17, 17, 17, 17, 17, 18, 18, 18, 18, 19, 19, 19, 19, 20, 20, 20, 20, 21, 21, 21, 22, 22, 23, 23, 24, 24, 24, 25, 25, 25, 26, 26, 26, 27, 27, 29, 31, 31, 37, 30, 29]
[0, 0, 0, 0, 0, 0, 0, 0, 0, 6, 6, 7, 8, 9, 9, 9, 9, 10, 11, 11, 11, 11, 11, 12, 12, 13, 13, 13, 14, 14, 14, 14, 16, 16, 16, 16, 17, 17, 17, 17, 17, 17, 17, 17, 17, 18, 18, 18, 18, 19, 19, 19, 19, 20, 20, 20, 20, 21, 21, 21, 22, 22, 23, 23, 24, 24, 24, 25, 25, 25, 26, 26, 26, 27, 27, 29, 29, 31, 37, 30, 31]
[0, 0, 0, 0, 0, 0, 0, 0, 0, 6, 6, 7, 8, 9, 9, 9, 9, 10, 11, 11, 11, 11, 11, 12, 12, 13, 13, 13, 14, 14, 14, 14, 16, 16, 16, 16, 17, 17, 17, 17, 17, 17, 17, 17, 17, 18, 18, 18, 18, 19, 19, 19, 19, 20, 20, 20, 20, 21, 21, 21, 22, 22, 23, 23, 24, 24, 24, 25, 25, 25, 26, 26, 26, 27, 27, 29, 29, 30, 37, 31, 31]
[0, 0, 0, 0, 0, 0, 0, 0, 0, 6, 6, 7, 8, 9, 9, 9, 9, 10, 11, 11, 11, 11, 11, 12, 12, 13, 13, 13, 14, 14, 14, 14, 16, 16, 16, 16, 17, 17, 17, 17, 17, 17, 17, 17, 17, 18, 18, 18, 18, 19, 19, 19, 19, 20, 20, 20, 20, 21, 21, 21, 22, 22, 23, 23, 24, 24, 24, 25, 25, 25, 26, 26, 26, 27, 27, 29, 29, 30, 31, 37, 31]
[0, 0, 0, 0, 0, 0, 0, 0, 0, 6, 6, 7, 8, 9, 9, 9, 9, 10, 11, 11, 11, 11, 11, 12, 12, 13, 13, 13, 14, 14, 14, 14, 16, 16, 16, 16, 17, 17, 17, 17, 17, 17, 17, 17, 17, 18, 18, 18, 18, 19, 19, 19, 19, 20, 20, 20, 20, 21, 21, 21, 22, 22, 23, 23, 24, 24, 24, 25, 25, 25, 26, 26, 26, 27, 27, 29, 29, 30, 31, 31, 37]
[0, 17, 14, 13, 24, 11, 16, 23, 18, 17, 0, 14, 16, 9, 19, 25, 25, 26, 9, 6, 0, 9, 13, 8, 21, 17, 13, 6, 18, 12, 0, 26, 11, 14, 27, 21, 24, 11, 16, 22, 0, 22, 31, 31, 29, 12, 20, 11, 11, 27, 0, 18, 17, 14, 19, 30, 17, 21, 37, 17, 0, 20, 17, 25, 23, 20, 24, 29, 17, 17, 0, 9, 19, 19, 16, 20, 26, 10, 18, 7, 0]
[0, 0, 14, 13, 24, 11, 16, 23, 18, 17, 17, 14, 16, 9, 19, 25, 25, 26, 9, 6, 0, 9, 13, 8, 21, 17, 13, 6, 18, 12, 0, 26, 11, 14, 27, 21, 24, 11, 16, 22, 0, 22, 31, 31, 29, 12, 20, 11, 11, 27, 0, 18, 17, 14, 19, 30, 17, 21, 37, 17, 0, 20, 17, 25, 23, 20, 24, 29, 17, 17, 0, 9, 19, 19, 16, 20, 26, 10, 18, 7, 0]
[0, 0, 0, 13, 24, 11, 16, 23, 18, 17, 17, 14, 16, 9, 19, 25, 25, 26, 9, 6, 14, 9, 13, 8, 21, 17, 13, 6, 18, 12, 0, 26, 11, 14, 27, 21, 24, 11, 16, 22, 0, 22, 31, 31, 29, 12, 20, 11, 11, 27, 0, 18, 17, 14, 19, 30, 17, 21, 37, 17, 0, 20, 17, 25, 23, 20, 24, 29, 17, 17, 0, 9, 19, 19, 16, 20, 26, 10, 18, 7, 0]
[0, 0, 0, 0, 24, 11, 16, 23, 18, 17, 17, 14, 16, 9, 19, 25, 25, 26, 9, 6, 14, 9, 13, 8, 21, 17, 13, 6, 18, 12, 13, 26, 11, 14, 27, 21, 24, 11, 16, 22, 0, 22, 31, 31, 29, 12, 20, 11, 11, 27, 0, 18, 17, 14, 19, 30, 17, 21, 37, 17, 0, 20, 17, 25, 23, 20, 24, 29, 17, 17, 0, 9, 19, 19, 16, 20, 26, 10, 18, 7, 0]
[0, 0, 0, 0, 0, 11, 16, 23, 18, 17, 17, 14, 16, 9, 19, 25, 25, 26, 9, 6, 14, 9, 13, 8, 21, 17, 13, 6, 18, 12, 13, 26, 11, 14, 27, 21, 24, 11, 16, 22, 24, 22, 31, 31, 29, 12, 20, 11, 11, 27, 0, 18, 17, 14, 19, 30, 17, 21, 37, 17, 0, 20, 17, 25, 23, 20, 24, 29, 17, 17, 0, 9, 19, 19, 16, 20, 26, 10, 18, 7, 0]
[0, 0, 0, 0, 0, 0, 16, 23, 18, 17, 17, 14, 16, 9, 19, 25, 25, 26, 9, 6, 14, 9, 13, 8, 21, 17, 13, 6, 18, 12, 13, 26, 11, 14, 27, 21, 24, 11, 16, 22, 24, 22, 31, 31, 29, 12, 20, 11, 11, 27, 11, 18, 17, 14, 19, 30, 17, 21, 37, 17, 0, 20, 17, 25, 23, 20, 24, 29, 17, 17, 0, 9, 19, 19, 16, 20, 26, 10, 18, 7, 0]
[0, 0, 0, 0, 0, 0, 0, 23, 18, 17, 17, 14, 16, 9, 19, 25, 25, 26, 9, 6, 14, 9, 13, 8, 21, 17, 13, 6, 18, 12, 13, 26, 11, 14, 27, 21, 24, 11, 16, 22, 24, 22, 31, 31, 29, 12, 20, 11, 11, 27, 11, 18, 17, 14, 19, 30, 17, 21, 37, 17, 16, 20, 17, 25, 23, 20, 24, 29, 17, 17, 0, 9, 19, 19, 16, 20, 26, 10, 18, 7, 0]
[0, 0, 0, 0, 0, 0, 0, 0, 18, 17, 17, 14, 16, 9, 19, 25, 25, 26, 9, 6, 14, 9, 13, 8, 21, 17, 13, 6, 18, 12, 13, 26, 11, 14, 27, 21, 24, 11, 16, 22, 24, 22, 31, 31, 29, 12, 20, 11, 11, 27, 11, 18, 17, 14, 19, 30, 17, 21, 37, 17, 16, 20, 17, 25, 23, 20, 24, 29, 17, 17, 23, 9, 19, 19, 16, 20, 26, 10, 18, 7, 0]
[0, 0, 0, 0, 0, 0, 0, 0, 0, 17, 17, 14, 16, 9, 19, 25, 25, 26, 9, 6, 14, 9, 13, 8, 21, 17, 13, 6, 18, 12, 13, 26, 11, 14, 27, 21, 24, 11, 16, 22, 24, 22, 31, 31, 29, 12, 20, 11, 11, 27, 11, 18, 17, 14, 19, 30, 17, 21, 37, 17, 16, 20, 17, 25, 23, 20, 24, 29, 17, 17, 23, 9, 19, 19, 16, 20, 26, 10, 18, 7, 18]
[0, 0, 0, 0, 0, 0, 0, 0, 0, 6, 17, 14, 16, 9, 19, 25, 25, 26, 9, 17, 14, 9, 13, 8, 21, 17, 13, 6, 18, 12, 13, 26, 11, 14, 27, 21, 24, 11, 16, 22, 24, 22, 31, 31, 29, 12, 20, 11, 11, 27, 11, 18, 17, 14, 19, 30, 17, 21, 37, 17, 16, 20, 17, 25, 23, 20, 24, 29, 17, 17, 23, 9, 19, 19, 16, 20, 26, 10, 18, 7, 18]
[0, 0, 0, 0, 0, 0, 0, 0, 0, 6, 6, 14, 16, 9, 19, 25, 25, 26, 9, 17, 14, 9, 13, 8, 21, 17, 13, 17, 18, 12, 13, 26, 11, 14, 27, 21, 24, 11, 16, 22, 24, 22, 31, 31, 29, 12, 20, 11, 11, 27, 11, 18, 17, 14, 19, 30, 17, 21, 37, 17, 16, 20, 17, 25, 23, 20, 24, 29, 17, 17, 23, 9, 19, 19, 16, 20, 26, 10, 18, 7, 18]
[0, 0, 0, 0, 0, 0, 0, 0, 0, 6, 6, 7, 16, 9, 19, 25, 25, 26, 9, 17, 14, 9, 13, 8, 21, 17, 13, 17, 18, 12, 13, 26, 11, 14, 27, 21, 24, 11, 16, 22, 24, 22, 31, 31, 29, 12, 20, 11, 11, 27, 11, 18, 17, 14, 19, 30, 17, 21, 37, 17, 16, 20, 17, 25, 23, 20, 24, 29, 17, 17, 23, 9, 19, 19, 16, 20, 26, 10, 18, 14, 18]
[0, 0, 0, 0, 0, 0, 0, 0, 0, 6, 6, 7, 8, 9, 19, 25, 25, 26, 9, 17, 14, 9, 13, 16, 21, 17, 13, 17, 18, 12, 13, 26, 11, 14, 27, 21, 24, 11, 16, 22, 24, 22, 31, 31, 29, 12, 20, 11, 11, 27, 11, 18, 17, 14, 19, 30, 17, 21, 37, 17, 16, 20, 17, 25, 23, 20, 24, 29, 17, 17, 23, 9, 19, 19, 16, 20, 26, 10, 18, 14, 18]
[0, 0, 0, 0, 0, 0, 0, 0, 0, 6, 6, 7, 8, 9, 9, 25, 25, 26, 19, 17, 14, 9, 13, 16, 21, 17, 13, 17, 18, 12, 13, 26, 11, 14, 27, 21, 24, 11, 16, 22, 24, 22, 31, 31, 29, 12, 20, 11, 11, 27, 11, 18, 17, 14, 19, 30, 17, 21, 37, 17, 16, 20, 17, 25, 23, 20, 24, 29, 17, 17, 23, 9, 19, 19, 16, 20, 26, 10, 18, 14, 18]
[0, 0, 0, 0, 0, 0, 0, 0, 0, 6, 6, 7, 8, 9, 9, 9, 25, 26, 19, 17, 14, 25, 13, 16, 21, 17, 13, 17, 18, 12, 13, 26, 11, 14, 27, 21, 24, 11, 16, 22, 24, 22, 31, 31, 29, 12, 20, 11, 11, 27, 11, 18, 17, 14, 19, 30, 17, 21, 37, 17, 16, 20, 17, 25, 23, 20, 24, 29, 17, 17, 23, 9, 19, 19, 16, 20, 26, 10, 18, 14, 18]
[0, 0, 0, 0, 0, 0, 0, 0, 0, 6, 6, 7, 8, 9, 9, 9, 9, 26, 19, 17, 14, 25, 13, 16, 21, 17, 13, 17, 18, 12, 13, 26, 11, 14, 27, 21, 24, 11, 16, 22, 24, 22, 31, 31, 29, 12, 20, 11, 11, 27, 11, 18, 17, 14, 19, 30, 17, 21, 37, 17, 16, 20, 17, 25, 23, 20, 24, 29, 17, 17, 23, 25, 19, 19, 16, 20, 26, 10, 18, 14, 18]
[0, 0, 0, 0, 0, 0, 0, 0, 0, 6, 6, 7, 8, 9, 9, 9, 9, 10, 19, 17, 14, 25, 13, 16, 21, 17, 13, 17, 18, 12, 13, 26, 11, 14, 27, 21, 24, 11, 16, 22, 24, 22, 31, 31, 29, 12, 20, 11, 11, 27, 11, 18, 17, 14, 19, 30, 17, 21, 37, 17, 16, 20, 17, 25, 23, 20, 24, 29, 17, 17, 23, 25, 19, 19, 16, 20, 26, 26, 18, 14, 18]
[0, 0, 0, 0, 0, 0, 0, 0, 0, 6, 6, 7, 8, 9, 9, 9, 9, 10, 11, 17, 14, 25, 13, 16, 21, 17, 13, 17, 18, 12, 13, 26, 19, 14, 27, 21, 24, 11, 16, 22, 24, 22, 31, 31, 29, 12, 20, 11, 11, 27, 11, 18, 17, 14, 19, 30, 17, 21, 37, 17, 16, 20, 17, 25, 23, 20, 24, 29, 17, 17, 23, 25, 19, 19, 16, 20, 26, 26, 18, 14, 18]
[0, 0, 0, 0, 0, 0, 0, 0, 0, 6, 6, 7, 8, 9, 9, 9, 9, 10, 11, 11, 14, 25, 13, 16, 21, 17, 13, 17, 18, 12, 13, 26, 19, 14, 27, 21, 24, 17, 16, 22, 24, 22, 31, 31, 29, 12, 20, 11, 11, 27, 11, 18, 17, 14, 19, 30, 17, 21, 37, 17, 16, 20, 17, 25, 23, 20, 24, 29, 17, 17, 23, 25, 19, 19, 16, 20, 26, 26, 18, 14, 18]
[0, 0, 0, 0, 0, 0, 0, 0, 0, 6, 6, 7, 8, 9, 9, 9, 9, 10, 11, 11, 11, 25, 13, 16, 21, 17, 13, 17, 18, 12, 13, 26, 19, 14, 27, 21, 24, 17, 16, 22, 24, 22, 31, 31, 29, 12, 20, 14, 11, 27, 11, 18, 17, 14, 19, 30, 17, 21, 37, 17, 16, 20, 17, 25, 23, 20, 24, 29, 17, 17, 23, 25, 19, 19, 16, 20, 26, 26, 18, 14, 18]
[0, 0, 0, 0, 0, 0, 0, 0, 0, 6, 6, 7, 8, 9, 9, 9, 9, 10, 11, 11, 11, 11, 13, 16, 21, 17, 13, 17, 18, 12, 13, 26, 19, 14, 27, 21, 24, 17, 16, 22, 24, 22, 31, 31, 29, 12, 20, 14, 25, 27, 11, 18, 17, 14, 19, 30, 17, 21, 37, 17, 16, 20, 17, 25, 23, 20, 24, 29, 17, 17, 23, 25, 19, 19, 16, 20, 26, 26, 18, 14, 18]
[0, 0, 0, 0, 0, 0, 0, 0, 0, 6, 6, 7, 8, 9, 9, 9, 9, 10, 11, 11, 11, 11, 11, 16, 21, 17, 13, 17, 18, 12, 13, 26, 19, 14, 27, 21, 24, 17, 16, 22, 24, 22, 31, 31, 29, 12, 20, 14, 25, 27, 13, 18, 17, 14, 19, 30, 17, 21, 37, 17, 16, 20, 17, 25, 23, 20, 24, 29, 17, 17, 23, 25, 19, 19, 16, 20, 26, 26, 18, 14, 18]
[0, 0, 0, 0, 0, 0, 0, 0, 0, 6, 6, 7, 8, 9, 9, 9, 9, 10, 11, 11, 11, 11, 11, 12, 21, 17, 13, 17, 18, 16, 13, 26, 19, 14, 27, 21, 24, 17, 16, 22, 24, 22, 31, 31, 29, 12, 20, 14, 25, 27, 13, 18, 17, 14, 19, 30, 17, 21, 37, 17, 16, 20, 17, 25, 23, 20, 24, 29, 17, 17, 23, 25, 19, 19, 16, 20, 26, 26, 18, 14, 18]
[0, 0, 0, 0, 0, 0, 0, 0, 0, 6, 6, 7, 8, 9, 9, 9, 9, 10, 11, 11, 11, 11, 11, 12, 12, 17, 13, 17, 18, 16, 13, 26, 19, 14, 27, 21, 24, 17, 16, 22, 24, 22, 31, 31, 29, 21, 20, 14, 25, 27, 13, 18, 17, 14, 19, 30, 17, 21, 37, 17, 16, 20, 17, 25, 23, 20, 24, 29, 17, 17, 23, 25, 19, 19, 16, 20, 26, 26, 18, 14, 18]
[0, 0, 0, 0, 0, 0, 0, 0, 0, 6, 6, 7, 8, 9, 9, 9, 9, 10, 11, 11, 11, 11, 11, 12, 12, 13, 17, 17, 18, 16, 13, 26, 19, 14, 27, 21, 24, 17, 16, 22, 24, 22, 31, 31, 29, 21, 20, 14, 25, 27, 13, 18, 17, 14, 19, 30, 17, 21, 37, 17, 16, 20, 17, 25, 23, 20, 24, 29, 17, 17, 23, 25, 19, 19, 16, 20, 26, 26, 18, 14, 18]
[0, 0, 0, 0, 0, 0, 0, 0, 0, 6, 6, 7, 8, 9, 9, 9, 9, 10, 11, 11, 11, 11, 11, 12, 12, 13, 13, 17, 18, 16, 17, 26, 19, 14, 27, 21, 24, 17, 16, 22, 24, 22, 31, 31, 29, 21, 20, 14, 25, 27, 13, 18, 17, 14, 19, 30, 17, 21, 37, 17, 16, 20, 17, 25, 23, 20, 24, 29, 17, 17, 23, 25, 19, 19, 16, 20, 26, 26, 18, 14, 18]
[0, 0, 0, 0, 0, 0, 0, 0, 0, 6, 6, 7, 8, 9, 9, 9, 9, 10, 11, 11, 11, 11, 11, 12, 12, 13, 13, 13, 18, 16, 17, 26, 19, 14, 27, 21, 24, 17, 16, 22, 24, 22, 31, 31, 29, 21, 20, 14, 25, 27, 17, 18, 17, 14, 19, 30, 17, 21, 37, 17, 16, 20, 17, 25, 23, 20, 24, 29, 17, 17, 23, 25, 19, 19, 16, 20, 26, 26, 18, 14, 18]
[0, 0, 0, 0, 0, 0, 0, 0, 0, 6, 6, 7, 8, 9, 9, 9, 9, 10, 11, 11, 11, 11, 11, 12, 12, 13, 13, 13, 14, 16, 17, 26, 19, 18, 27, 21, 24, 17, 16, 22, 24, 22, 31, 31, 29, 21, 20, 14, 25, 27, 17, 18, 17, 14, 19, 30, 17, 21, 37, 17, 16, 20, 17, 25, 23, 20, 24, 29, 17, 17, 23, 25, 19, 19, 16, 20, 26, 26, 18, 14, 18]
[0, 0, 0, 0, 0, 0, 0, 0, 0, 6, 6, 7, 8, 9, 9, 9, 9, 10, 11, 11, 11, 11, 11, 12, 12, 13, 13, 13, 14, 14, 17, 26, 19, 18, 27, 21, 24, 17, 16, 22, 24, 22, 31, 31, 29, 21, 20, 16, 25, 27, 17, 18, 17, 14, 19, 30, 17, 21, 37, 17, 16, 20, 17, 25, 23, 20, 24, 29, 17, 17, 23, 25, 19, 19, 16, 20, 26, 26, 18, 14, 18]
[0, 0, 0, 0, 0, 0, 0, 0, 0, 6, 6, 7, 8, 9, 9, 9, 9, 10, 11, 11, 11, 11, 11, 12, 12, 13, 13, 13, 14, 14, 14, 26, 19, 18, 27, 21, 24, 17, 16, 22, 24, 22, 31, 31, 29, 21, 20, 16, 25, 27, 17, 18, 17, 17, 19, 30, 17, 21, 37, 17, 16, 20, 17, 25, 23, 20, 24, 29, 17, 17, 23, 25, 19, 19, 16, 20, 26, 26, 18, 14, 18]
[0, 0, 0, 0, 0, 0, 0, 0, 0, 6, 6, 7, 8, 9, 9, 9, 9, 10, 11, 11, 11, 11, 11, 12, 12, 13, 13, 13, 14, 14, 14, 14, 19, 18, 27, 21, 24, 17, 16, 22, 24, 22, 31, 31, 29, 21, 20, 16, 25, 27, 17, 18, 17, 17, 19, 30, 17, 21, 37, 17, 16, 20, 17, 25, 23, 20, 24, 29, 17, 17, 23, 25, 19, 19, 16, 20, 26, 26, 18, 26, 18]
[0, 0, 0, 0, 0, 0, 0, 0, 0, 6, 6, 7, 8, 9, 9, 9, 9, 10, 11, 11, 11, 11, 11, 12, 12, 13, 13, 13, 14, 14, 14, 14, 16, 18, 27, 21, 24, 17, 19, 22, 24, 22, 31, 31, 29, 21, 20, 16, 25, 27, 17, 18, 17, 17, 19, 30, 17, 21, 37, 17, 16, 20, 17, 25, 23, 20, 24, 29, 17, 17, 23, 25, 19, 19, 16, 20, 26, 26, 18, 26, 18]
[0, 0, 0, 0, 0, 0, 0, 0, 0, 6, 6, 7, 8, 9, 9, 9, 9, 10, 11, 11, 11, 11, 11, 12, 12, 13, 13, 13, 14, 14, 14, 14, 16, 16, 27, 21, 24, 17, 19, 22, 24, 22, 31, 31, 29, 21, 20, 18, 25, 27, 17, 18, 17, 17, 19, 30, 17, 21, 37, 17, 16, 20, 17, 25, 23, 20, 24, 29, 17, 17, 23, 25, 19, 19, 16, 20, 26, 26, 18, 26, 18]
[0, 0, 0, 0, 0, 0, 0, 0, 0, 6, 6, 7, 8, 9, 9, 9, 9, 10, 11, 11, 11, 11, 11, 12, 12, 13, 13, 13, 14, 14, 14, 14, 16, 16, 16, 21, 24, 17, 19, 22, 24, 22, 31, 31, 29, 21, 20, 18, 25, 27, 17, 18, 17, 17, 19, 30, 17, 21, 37, 17, 27, 20, 17, 25, 23, 20, 24, 29, 17, 17, 23, 25, 19, 19, 16, 20, 26, 26, 18, 26, 18]
[0, 0, 0, 0, 0, 0, 0, 0, 0, 6, 6, 7, 8, 9, 9, 9, 9, 10, 11, 11, 11, 11, 11, 12, 12, 13, 13, 13, 14, 14, 14, 14, 16, 16, 16, 16, 24, 17, 19, 22, 24, 22, 31, 31, 29, 21, 20, 18, 25, 27, 17, 18, 17, 17, 19, 30, 17, 21, 37, 17, 27, 20, 17, 25, 23, 20, 24, 29, 17, 17, 23, 25, 19, 19, 21, 20, 26, 26, 18, 26, 18]
[0, 0, 0, 0, 0, 0, 0, 0, 0, 6, 6, 7, 8, 9, 9, 9, 9, 10, 11, 11, 11, 11, 11, 12, 12, 13, 13, 13, 14, 14, 14, 14, 16, 16, 16, 16, 17, 24, 19, 22, 24, 22, 31, 31, 29, 21, 20, 18, 25, 27, 17, 18, 17, 17, 19, 30, 17, 21, 37, 17, 27, 20, 17, 25, 23, 20, 24, 29, 17, 17, 23, 25, 19, 19, 21, 20, 26, 26, 18, 26, 18]
[0, 0, 0, 0, 0, 0, 0, 0, 0, 6, 6, 7, 8, 9, 9, 9, 9, 10, 11, 11, 11, 11, 11, 12, 12, 13, 13, 13, 14, 14, 14, 14, 16, 16, 16, 16, 17, 17, 19, 22, 24, 22, 31, 31, 29, 21, 20, 18, 25, 27, 24, 18, 17, 17, 19, 30, 17, 21, 37, 17, 27, 20, 17, 25, 23, 20, 24, 29, 17, 17, 23, 25, 19, 19, 21, 20, 26, 26, 18, 26, 18]
[0, 0, 0, 0, 0, 0, 0, 0, 0, 6, 6, 7, 8, 9, 9, 9, 9, 10, 11, 11, 11, 11, 11, 12, 12, 13, 13, 13, 14, 14, 14, 14, 16, 16, 16, 16, 17, 17, 17, 22, 24, 22, 31, 31, 29, 21, 20, 18, 25, 27, 24, 18, 19, 17, 19, 30, 17, 21, 37, 17, 27, 20, 17, 25, 23, 20, 24, 29, 17, 17, 23, 25, 19, 19, 21, 20, 26, 26, 18, 26, 18]
[0, 0, 0, 0, 0, 0, 0, 0, 0, 6, 6, 7, 8, 9, 9, 9, 9, 10, 11, 11, 11, 11, 11, 12, 12, 13, 13, 13, 14, 14, 14, 14, 16, 16, 16, 16, 17, 17, 17, 17, 24, 22, 31, 31, 29, 21, 20, 18, 25, 27, 24, 18, 19, 22, 19, 30, 17, 21, 37, 17, 27, 20, 17, 25, 23, 20, 24, 29, 17, 17, 23, 25, 19, 19, 21, 20, 26, 26, 18, 26, 18]
[0, 0, 0, 0, 0, 0, 0, 0, 0, 6, 6, 7, 8, 9, 9, 9, 9, 10, 11, 11, 11, 11, 11, 12, 12, 13, 13, 13, 14, 14, 14, 14, 16, 16, 16, 16, 17, 17, 17, 17, 17, 22, 31, 31, 29, 21, 20, 18, 25, 27, 24, 18, 19, 22, 19, 30, 24, 21, 37, 17, 27, 20, 17, 25, 23, 20, 24, 29, 17, 17, 23, 25, 19, 19, 21, 20, 26, 26, 18, 26, 18]
[0, 0, 0, 0, 0, 0, 0, 0, 0, 6, 6, 7, 8, 9, 9, 9, 9, 10, 11, 11, 11, 11, 11, 12, 12, 13, 13, 13, 14, 14, 14, 14, 16, 16, 16, 16, 17, 17, 17, 17, 17, 17, 31, 31, 29, 21, 20, 18, 25, 27, 24, 18, 19, 22, 19, 30, 24, 21, 37, 22, 27, 20, 17, 25, 23, 20, 24, 29, 17, 17, 23, 25, 19, 19, 21, 20, 26, 26, 18, 26, 18]
[0, 0, 0, 0, 0, 0, 0, 0, 0, 6, 6, 7, 8, 9, 9, 9, 9, 10, 11, 11, 11, 11, 11, 12, 12, 13, 13, 13, 14, 14, 14, 14, 16, 16, 16, 16, 17, 17, 17, 17, 17, 17, 17, 31, 29, 21, 20, 18, 25, 27, 24, 18, 19, 22, 19, 30, 24, 21, 37, 22, 27, 20, 31, 25, 23, 20, 24, 29, 17, 17, 23, 25, 19, 19, 21, 20, 26, 26, 18, 26, 18]
[0, 0, 0, 0, 0, 0, 0, 0, 0, 6, 6, 7, 8, 9, 9, 9, 9, 10, 11, 11, 11, 11, 11, 12, 12, 13, 13, 13, 14, 14, 14, 14, 16, 16, 16, 16, 17, 17, 17, 17, 17, 17, 17, 17, 29, 21, 20, 18, 25, 27, 24, 18, 19, 22, 19, 30, 24, 21, 37, 22, 27, 20, 31, 25, 23, 20, 24, 29, 31, 17, 23, 25, 19, 19, 21, 20, 26, 26, 18, 26, 18]
[0, 0, 0, 0, 0, 0, 0, 0, 0, 6, 6, 7, 8, 9, 9, 9, 9, 10, 11, 11, 11, 11, 11, 12, 12, 13, 13, 13, 14, 14, 14, 14, 16, 16, 16, 16, 17, 17, 17, 17, 17, 17, 17, 17, 17, 21, 20, 18, 25, 27, 24, 18, 19, 22, 19, 30, 24, 21, 37, 22, 27, 20, 31, 25, 23, 20, 24, 29, 31, 29, 23, 25, 19, 19, 21, 20, 26, 26, 18, 26, 18]
[0, 0, 0, 0, 0, 0, 0, 0, 0, 6, 6, 7, 8, 9, 9, 9, 9, 10, 11, 11, 11, 11, 11, 12, 12, 13, 13, 13, 14, 14, 14, 14, 16, 16, 16, 16, 17, 17, 17, 17, 17, 17, 17, 17, 17, 18, 20, 21, 25, 27, 24, 18, 19, 22, 19, 30, 24, 21, 37, 22, 27, 20, 31, 25, 23, 20, 24, 29, 31, 29, 23, 25, 19, 19, 21, 20, 26, 26, 18, 26, 18]
[0, 0, 0, 0, 0, 0, 0, 0, 0, 6, 6, 7, 8, 9, 9, 9, 9, 10, 11, 11, 11, 11, 11, 12, 12, 13, 13, 13, 14, 14, 14, 14, 16, 16, 16, 16, 17, 17, 17, 17, 17, 17, 17, 17, 17, 18, 18, 21, 25, 27, 24, 20, 19, 22, 19, 30, 24, 21, 37, 22, 27, 20, 31, 25, 23, 20, 24, 29, 31, 29, 23, 25, 19, 19, 21, 20, 26, 26, 18, 26, 18]
[0, 0, 0, 0, 0, 0, 0, 0, 0, 6, 6, 7, 8, 9, 9, 9, 9, 10, 11, 11, 11, 11, 11, 12, 12, 13, 13, 13, 14, 14, 14, 14, 16, 16, 16, 16, 17, 17, 17, 17, 17, 17, 17, 17, 17, 18, 18, 18, 25, 27, 24, 20, 19, 22, 19, 30, 24, 21, 37, 22, 27, 20, 31, 25, 23, 20, 24, 29, 31, 29, 23, 25, 19, 19, 21, 20, 26, 26, 21, 26, 18]
[0, 0, 0, 0, 0, 0, 0, 0, 0, 6, 6, 7, 8, 9, 9, 9, 9, 10, 11, 11, 11, 11, 11, 12, 12, 13, 13, 13, 14, 14, 14, 14, 16, 16, 16, 16, 17, 17, 17, 17, 17, 17, 17, 17, 17, 18, 18, 18, 18, 27, 24, 20, 19, 22, 19, 30, 24, 21, 37, 22, 27, 20, 31, 25, 23, 20, 24, 29, 31, 29, 23, 25, 19, 19, 21, 20, 26, 26, 21, 26, 25]
[0, 0, 0, 0, 0, 0, 0, 0, 0, 6, 6, 7, 8, 9, 9, 9, 9, 10, 11, 11, 11, 11, 11, 12, 12, 13, 13, 13, 14, 14, 14, 14, 16, 16, 16, 16, 17, 17, 17, 17, 17, 17, 17, 17, 17, 18, 18, 18, 18, 19, 24, 20, 27, 22, 19, 30, 24, 21, 37, 22, 27, 20, 31, 25, 23, 20, 24, 29, 31, 29, 23, 25, 19, 19, 21, 20, 26, 26, 21, 26, 25]
[0, 0, 0, 0, 0, 0, 0, 0, 0, 6, 6, 7, 8, 9, 9, 9, 9, 10, 11, 11, 11, 11, 11, 12, 12, 13, 13, 13, 14, 14, 14, 14, 16, 16, 16, 16, 17, 17, 17, 17, 17, 17, 17, 17, 17, 18, 18, 18, 18, 19, 19, 20, 27, 22, 24, 30, 24, 21, 37, 22, 27, 20, 31, 25, 23, 20, 24, 29, 31, 29, 23, 25, 19, 19, 21, 20, 26, 26, 21, 26, 25]
[0, 0, 0, 0, 0, 0, 0, 0, 0, 6, 6, 7, 8, 9, 9, 9, 9, 10, 11, 11, 11, 11, 11, 12, 12, 13, 13, 13, 14, 14, 14, 14, 16, 16, 16, 16, 17, 17, 17, 17, 17, 17, 17, 17, 17, 18, 18, 18, 18, 19, 19, 19, 27, 22, 24, 30, 24, 21, 37, 22, 27, 20, 31, 25, 23, 20, 24, 29, 31, 29, 23, 25, 20, 19, 21, 20, 26, 26, 21, 26, 25]
[0, 0, 0, 0, 0, 0, 0, 0, 0, 6, 6, 7, 8, 9, 9, 9, 9, 10, 11, 11, 11, 11, 11, 12, 12, 13, 13, 13, 14, 14, 14, 14, 16, 16, 16, 16, 17, 17, 17, 17, 17, 17, 17, 17, 17, 18, 18, 18, 18, 19, 19, 19, 19, 22, 24, 30, 24, 21, 37, 22, 27, 20, 31, 25, 23, 20, 24, 29, 31, 29, 23, 25, 20, 27, 21, 20, 26, 26, 21, 26, 25]
[0, 0, 0, 0, 0, 0, 0, 0, 0, 6, 6, 7, 8, 9, 9, 9, 9, 10, 11, 11, 11, 11, 11, 12, 12, 13, 13, 13, 14, 14, 14, 14, 16, 16, 16, 16, 17, 17, 17, 17, 17, 17, 17, 17, 17, 18, 18, 18, 18, 19, 19, 19, 19, 20, 24, 30, 24, 21, 37, 22, 27, 22, 31, 25, 23, 20, 24, 29, 31, 29, 23, 25, 20, 27, 21, 20, 26, 26, 21, 26, 25]
[0, 0, 0, 0, 0, 0, 0, 0, 0, 6, 6, 7, 8, 9, 9, 9, 9, 10, 11, 11, 11, 11, 11, 12, 12, 13, 13, 13, 14, 14, 14, 14, 16, 16, 16, 16, 17, 17, 17, 17, 17, 17, 17, 17, 17, 18, 18, 18, 18, 19, 19, 19, 19, 20, 20, 30, 24, 21, 37, 22, 27, 22, 31, 25, 23, 24, 24, 29, 31, 29, 23, 25, 20, 27, 21, 20, 26, 26, 21, 26, 25]
[0, 0, 0, 0, 0, 0, 0, 0, 0, 6, 6, 7, 8, 9, 9, 9, 9, 10, 11, 11, 11, 11, 11, 12, 12, 13, 13, 13, 14, 14, 14, 14, 16, 16, 16, 16, 17, 17, 17, 17, 17, 17, 17, 17, 17, 18, 18, 18, 18, 19, 19, 19, 19, 20, 20, 20, 24, 21, 37, 22, 27, 22, 31, 25, 23, 24, 24, 29, 31, 29, 23, 25, 30, 27, 21, 20, 26, 26, 21, 26, 25]
[0, 0, 0, 0, 0, 0, 0, 0, 0, 6, 6, 7, 8, 9, 9, 9, 9, 10, 11, 11, 11, 11, 11, 12, 12, 13, 13, 13, 14, 14, 14, 14, 16, 16, 16, 16, 17, 17, 17, 17, 17, 17, 17, 17, 17, 18, 18, 18, 18, 19, 19, 19, 19, 20, 20, 20, 20, 21, 37, 22, 27, 22, 31, 25, 23, 24, 24, 29, 31, 29, 23, 25, 30, 27, 21, 24, 26, 26, 21, 26, 25]
[0, 0, 0, 0, 0, 0, 0, 0, 0, 6, 6, 7, 8, 9, 9, 9, 9, 10, 11, 11, 11, 11, 11, 12, 12, 13, 13, 13, 14, 14, 14, 14, 16, 16, 16, 16, 17, 17, 17, 17, 17, 17, 17, 17, 17, 18, 18, 18, 18, 19, 19, 19, 19, 20, 20, 20, 20, 21, 21, 22, 27, 22, 31, 25, 23, 24, 24, 29, 31, 29, 23, 25, 30, 27, 37, 24, 26, 26, 21, 26, 25]
[0, 0, 0, 0, 0, 0, 0, 0, 0, 6, 6, 7, 8, 9, 9, 9, 9, 10, 11, 11, 11, 11, 11, 12, 12, 13, 13, 13, 14, 14, 14, 14, 16, 16, 16, 16, 17, 17, 17, 17, 17, 17, 17, 17, 17, 18, 18, 18, 18, 19, 19, 19, 19, 20, 20, 20, 20, 21, 21, 21, 27, 22, 31, 25, 23, 24, 24, 29, 31, 29, 23, 25, 30, 27, 37, 24, 26, 26, 22, 26, 25]
[0, 0, 0, 0, 0, 0, 0, 0, 0, 6, 6, 7, 8, 9, 9, 9, 9, 10, 11, 11, 11, 11, 11, 12, 12, 13, 13, 13, 14, 14, 14, 14, 16, 16, 16, 16, 17, 17, 17, 17, 17, 17, 17, 17, 17, 18, 18, 18, 18, 19, 19, 19, 19, 20, 20, 20, 20, 21, 21, 21, 22, 22, 31, 25, 23, 24, 24, 29, 31, 29, 23, 25, 30, 27, 37, 24, 26, 26, 27, 26, 25]
[0, 0, 0, 0, 0, 0, 0, 0, 0, 6, 6, 7, 8, 9, 9, 9, 9, 10, 11, 11, 11, 11, 11, 12, 12, 13, 13, 13, 14, 14, 14, 14, 16, 16, 16, 16, 17, 17, 17, 17, 17, 17, 17, 17, 17, 18, 18, 18, 18, 19, 19, 19, 19, 20, 20, 20, 20, 21, 21, 21, 22, 22, 23, 25, 31, 24, 24, 29, 31, 29, 23, 25, 30, 27, 37, 24, 26, 26, 27, 26, 25]
[0, 0, 0, 0, 0, 0, 0, 0, 0, 6, 6, 7, 8, 9, 9, 9, 9, 10, 11, 11, 11, 11, 11, 12, 12, 13, 13, 13, 14, 14, 14, 14, 16, 16, 16, 16, 17, 17, 17, 17, 17, 17, 17, 17, 17, 18, 18, 18, 18, 19, 19, 19, 19, 20, 20, 20, 20, 21, 21, 21, 22, 22, 23, 23, 31, 24, 24, 29, 31, 29, 25, 25, 30, 27, 37, 24, 26, 26, 27, 26, 25]
[0, 0, 0, 0, 0, 0, 0, 0, 0, 6, 6, 7, 8, 9, 9, 9, 9, 10, 11, 11, 11, 11, 11, 12, 12, 13, 13, 13, 14, 14, 14, 14, 16, 16, 16, 16, 17, 17, 17, 17, 17, 17, 17, 17, 17, 18, 18, 18, 18, 19, 19, 19, 19, 20, 20, 20, 20, 21, 21, 21, 22, 22, 23, 23, 24, 31, 24, 29, 31, 29, 25, 25, 30, 27, 37, 24, 26, 26, 27, 26, 25]
[0, 0, 0, 0, 0, 0, 0, 0, 0, 6, 6, 7, 8, 9, 9, 9, 9, 10, 11, 11, 11, 11, 11, 12, 12, 13, 13, 13, 14, 14, 14, 14, 16, 16, 16, 16, 17, 17, 17, 17, 17, 17, 17, 17, 17, 18, 18, 18, 18, 19, 19, 19, 19, 20, 20, 20, 20, 21, 21, 21, 22, 22, 23, 23, 24, 24, 31, 29, 31, 29, 25, 25, 30, 27, 37, 24, 26, 26, 27, 26, 25]
[0, 0, 0, 0, 0, 0, 0, 0, 0, 6, 6, 7, 8, 9, 9, 9, 9, 10, 11, 11, 11, 11, 11, 12, 12, 13, 13, 13, 14, 14, 14, 14, 16, 16, 16, 16, 17, 17, 17, 17, 17, 17, 17, 17, 17, 18, 18, 18, 18, 19, 19, 19, 19, 20, 20, 20, 20, 21, 21, 21, 22, 22, 23, 23, 24, 24, 24, 29, 31, 29, 25, 25, 30, 27, 37, 31, 26, 26, 27, 26, 25]
[0, 0, 0, 0, 0, 0, 0, 0, 0, 6, 6, 7, 8, 9, 9, 9, 9, 10, 11, 11, 11, 11, 11, 12, 12, 13, 13, 13, 14, 14, 14, 14, 16, 16, 16, 16, 17, 17, 17, 17, 17, 17, 17, 17, 17, 18, 18, 18, 18, 19, 19, 19, 19, 20, 20, 20, 20, 21, 21, 21, 22, 22, 23, 23, 24, 24, 24, 25, 31, 29, 29, 25, 30, 27, 37, 31, 26, 26, 27, 26, 25]
[0, 0, 0, 0, 0, 0, 0, 0, 0, 6, 6, 7, 8, 9, 9, 9, 9, 10, 11, 11, 11, 11, 11, 12, 12, 13, 13, 13, 14, 14, 14, 14, 16, 16, 16, 16, 17, 17, 17, 17, 17, 17, 17, 17, 17, 18, 18, 18, 18, 19, 19, 19, 19, 20, 20, 20, 20, 21, 21, 21, 22, 22, 23, 23, 24, 24, 24, 25, 25, 29, 29, 31, 30, 27, 37, 31, 26, 26, 27, 26, 25]
[0, 0, 0, 0, 0, 0, 0, 0, 0, 6, 6, 7, 8, 9, 9, 9, 9, 10, 11, 11, 11, 11, 11, 12, 12, 13, 13, 13, 14, 14, 14, 14, 16, 16, 16, 16, 17, 17, 17, 17, 17, 17, 17, 17, 17, 18, 18, 18, 18, 19, 19, 19, 19, 20, 20, 20, 20, 21, 21, 21, 22, 22, 23, 23, 24, 24, 24, 25, 25, 25, 29, 31, 30, 27, 37, 31, 26, 26, 27, 26, 29]
[0, 0, 0, 0, 0, 0, 0, 0, 0, 6, 6, 7, 8, 9, 9, 9, 9, 10, 11, 11, 11, 11, 11, 12, 12, 13, 13, 13, 14, 14, 14, 14, 16, 16, 16, 16, 17, 17, 17, 17, 17, 17, 17, 17, 17, 18, 18, 18, 18, 19, 19, 19, 19, 20, 20, 20, 20, 21, 21, 21, 22, 22, 23, 23, 24, 24, 24, 25, 25, 25, 26, 31, 30, 27, 37, 31, 29, 26, 27, 26, 29]
[0, 0, 0, 0, 0, 0, 0, 0, 0, 6, 6, 7, 8, 9, 9, 9, 9, 10, 11, 11, 11, 11, 11, 12, 12, 13, 13, 13, 14, 14, 14, 14, 16, 16, 16, 16, 17, 17, 17, 17, 17, 17, 17, 17, 17, 18, 18, 18, 18, 19, 19, 19, 19, 20, 20, 20, 20, 21, 21, 21, 22, 22, 23, 23, 24, 24, 24, 25, 25, 25, 26, 26, 30, 27, 37, 31, 29, 31, 27, 26, 29]
[0, 0, 0, 0, 0, 0, 0, 0, 0, 6, 6, 7, 8, 9, 9, 9, 9, 10, 11, 11, 11, 11, 11, 12, 12, 13, 13, 13, 14, 14, 14, 14, 16, 16, 16, 16, 17, 17, 17, 17, 17, 17, 17, 17, 17, 18, 18, 18, 18, 19, 19, 19, 19, 20, 20, 20, 20, 21, 21, 21, 22, 22, 23, 23, 24, 24, 24, 25, 25, 25, 26, 26, 26, 27, 37, 31, 29, 31, 27, 30, 29]
[0, 0, 0, 0, 0, 0, 0, 0, 0, 6, 6, 7, 8, 9, 9, 9, 9, 10, 11, 11, 11, 11, 11, 12, 12, 13, 13, 13, 14, 14, 14, 14, 16, 16, 16, 16, 17, 17, 17, 17, 17, 17, 17, 17, 17, 18, 18, 18, 18, 19, 19, 19, 19, 20, 20, 20, 20, 21, 21, 21, 22, 22, 23, 23, 24, 24, 24, 25, 25, 25, 26, 26, 26, 27, 27, 31, 29, 31, 37, 30, 29]
[0, 0, 0, 0, 0, 0, 0, 0, 0, 6, 6, 7, 8, 9, 9, 9, 9, 10, 11, 11, 11, 11, 11, 12, 12, 13, 13, 13, 14, 14, 14, 14, 16, 16, 16, 16, 17, 17, 17, 17, 17, 17, 17, 17, 17, 18, 18, 18, 18, 19, 19, 19, 19, 20, 20, 20, 20, 21, 21, 21, 22, 22, 23, 23, 24, 24, 24, 25, 25, 25, 26, 26, 26, 27, 27, 29, 31, 31, 37, 30, 29]
[0, 0, 0, 0, 0, 0, 0, 0, 0, 6, 6, 7, 8, 9, 9, 9, 9, 10, 11, 11, 11, 11, 11, 12, 12, 13, 13, 13, 14, 14, 14, 14, 16, 16, 16, 16, 17, 17, 17, 17, 17, 17, 17, 17, 17, 18, 18, 18, 18, 19, 19, 19, 19, 20, 20, 20, 20, 21, 21, 21, 22, 22, 23, 23, 24, 24, 24, 25, 25, 25, 26, 26, 26, 27, 27, 29, 29, 31, 37, 30, 31]
[0, 0, 0, 0, 0, 0, 0, 0, 0, 6, 6, 7, 8, 9, 9, 9, 9, 10, 11, 11, 11, 11, 11, 12, 12, 13, 13, 13, 14, 14, 14, 14, 16, 16, 16, 16, 17, 17, 17, 17, 17, 17, 17, 17, 17, 18, 18, 18, 18, 19, 19, 19, 19, 20, 20, 20, 20, 21, 21, 21, 22, 22, 23, 23, 24, 24, 24, 25, 25, 25, 26, 26, 26, 27, 27, 29, 29, 30, 37, 31, 31]
[0, 0, 0, 0, 0, 0, 0, 0, 0, 6, 6, 7, 8, 9, 9, 9, 9, 10, 11, 11, 11, 11, 11, 12, 12, 13, 13, 13, 14, 14, 14, 14, 16, 16, 16, 16, 17, 17, 17, 17, 17, 17, 17, 17, 17, 18, 18, 18, 18, 19, 19, 19, 19, 20, 20, 20, 20, 21, 21, 21, 22, 22, 23, 23, 24, 24, 24, 25, 25, 25, 26, 26, 26, 27, 27, 29, 29, 30, 31, 37, 31]
Tempo:5.027069

